# nJobs | nMachines
50 2
# m1 | m2
10.00 33.00
38.00 26.00
18.00 13.00
50.00 37.00
43.00 14.00
36.00 16.00
24.00 14.00
13.00 18.00
32.00 48.00
41.00 17.00
33.00 48.00
43.00 22.00
31.00 11.00
15.00 45.00
45.00 11.00
21.00 23.00
32.00 11.00
37.00 15.00
20.00 13.00
27.00 15.00
37.00 13.00
20.00 18.00
26.00 43.00
42.00 14.00
46.00 31.00
47.00 12.00
31.00 27.00
17.00 49.00
13.00 12.00
15.00 21.00
28.00 31.00
32.00 43.00
17.00 35.00
23.00 43.00
35.00 48.00
15.00 27.00
16.00 45.00
30.00 17.00
24.00 44.00
30.00 30.00
30.00 20.00
41.00 25.00
23.00 42.00
42.00 12.00
31.00 39.00
25.00 22.00
45.00 19.00
19.00 17.00
10.00 14.00
32.00 10.00
