# nJobs | nMachines
50 2
# m1 | m2
18.00 47.00
24.00 28.00
41.00 30.00
19.00 11.00
26.00 46.00
29.00 14.00
49.00 22.00
32.00 14.00
20.00 36.00
28.00 19.00
47.00 18.00
36.00 47.00
32.00 30.00
38.00 35.00
50.00 33.00
19.00 29.00
49.00 36.00
30.00 35.00
38.00 23.00
36.00 12.00
46.00 46.00
10.00 48.00
47.00 34.00
27.00 29.00
46.00 47.00
30.00 23.00
16.00 41.00
49.00 47.00
49.00 13.00
29.00 40.00
48.00 15.00
28.00 27.00
10.00 17.00
18.00 14.00
27.00 23.00
42.00 15.00
32.00 26.00
15.00 42.00
12.00 19.00
35.00 46.00
22.00 16.00
36.00 40.00
23.00 37.00
35.00 41.00
20.00 34.00
38.00 11.00
42.00 30.00
39.00 48.00
28.00 31.00
41.00 23.00
