# nJobs | nMachines
50 2
# m1 | m2
30.00 17.00
15.00 41.00
32.00 18.00
24.00 39.00
42.00 43.00
30.00 18.00
27.00 40.00
15.00 32.00
20.00 37.00
21.00 10.00
25.00 47.00
31.00 30.00
30.00 17.00
11.00 29.00
39.00 38.00
49.00 22.00
20.00 40.00
20.00 21.00
49.00 32.00
10.00 31.00
21.00 31.00
41.00 20.00
48.00 13.00
22.00 29.00
38.00 46.00
20.00 33.00
12.00 28.00
41.00 44.00
19.00 32.00
14.00 36.00
34.00 12.00
45.00 43.00
33.00 21.00
15.00 34.00
23.00 20.00
49.00 50.00
13.00 21.00
33.00 28.00
48.00 30.00
44.00 36.00
21.00 12.00
17.00 44.00
49.00 11.00
29.00 12.00
41.00 15.00
26.00 27.00
31.00 24.00
33.00 48.00
15.00 20.00
39.00 43.00
