# nJobs | nMachines
50 2
# m1 | m2
23.00 36.00
12.00 19.00
32.00 43.00
47.00 32.00
12.00 44.00
27.00 43.00
27.00 32.00
45.00 33.00
34.00 17.00
11.00 21.00
39.00 21.00
10.00 48.00
24.00 26.00
15.00 19.00
42.00 40.00
15.00 36.00
24.00 45.00
49.00 28.00
11.00 31.00
46.00 20.00
28.00 24.00
50.00 12.00
24.00 46.00
35.00 25.00
45.00 35.00
21.00 27.00
37.00 15.00
19.00 46.00
46.00 34.00
16.00 31.00
36.00 28.00
29.00 34.00
28.00 17.00
37.00 10.00
28.00 37.00
47.00 37.00
14.00 34.00
30.00 10.00
40.00 24.00
27.00 34.00
10.00 26.00
40.00 20.00
35.00 40.00
35.00 45.00
10.00 21.00
12.00 18.00
45.00 17.00
24.00 17.00
44.00 17.00
38.00 31.00
