# nJobs | nMachines
50 2
# m1 | m2
24.00 47.00
12.00 15.00
15.00 10.00
44.00 38.00
12.00 26.00
20.00 41.00
24.00 39.00
44.00 24.00
25.00 33.00
38.00 21.00
50.00 42.00
28.00 36.00
27.00 28.00
30.00 45.00
18.00 23.00
44.00 37.00
25.00 46.00
49.00 16.00
29.00 49.00
19.00 19.00
11.00 12.00
10.00 11.00
10.00 17.00
12.00 48.00
24.00 35.00
37.00 17.00
28.00 18.00
44.00 47.00
21.00 31.00
42.00 11.00
38.00 40.00
33.00 20.00
34.00 28.00
40.00 31.00
41.00 15.00
48.00 11.00
42.00 40.00
23.00 26.00
48.00 14.00
43.00 44.00
25.00 17.00
44.00 15.00
45.00 28.00
44.00 14.00
49.00 18.00
15.00 30.00
46.00 49.00
15.00 49.00
35.00 44.00
49.00 44.00
