# nJobs | nMachines
50 2
# m1 | m2
20.00 16.00
31.00 26.00
32.00 24.00
43.00 20.00
48.00 18.00
45.00 48.00
10.00 42.00
45.00 38.00
11.00 10.00
45.00 50.00
29.00 26.00
15.00 42.00
22.00 34.00
48.00 18.00
20.00 43.00
26.00 18.00
46.00 43.00
33.00 17.00
42.00 45.00
34.00 14.00
22.00 32.00
36.00 23.00
26.00 28.00
44.00 22.00
28.00 37.00
47.00 34.00
32.00 25.00
27.00 24.00
45.00 24.00
35.00 37.00
11.00 30.00
45.00 10.00
46.00 23.00
16.00 48.00
25.00 39.00
21.00 31.00
18.00 31.00
45.00 44.00
18.00 30.00
39.00 25.00
25.00 25.00
12.00 17.00
13.00 11.00
40.00 39.00
28.00 48.00
15.00 39.00
50.00 49.00
10.00 30.00
42.00 23.00
38.00 38.00
