# nJobs | nMachines
50 2
# m1 | m2
15.00 32.00
12.00 11.00
40.00 38.00
21.00 46.00
36.00 10.00
15.00 23.00
30.00 36.00
17.00 32.00
22.00 40.00
20.00 35.00
24.00 10.00
12.00 31.00
36.00 11.00
13.00 19.00
35.00 12.00
40.00 38.00
27.00 31.00
41.00 28.00
44.00 47.00
33.00 45.00
18.00 36.00
43.00 27.00
19.00 28.00
39.00 19.00
11.00 31.00
19.00 13.00
30.00 25.00
49.00 27.00
16.00 34.00
37.00 26.00
37.00 25.00
25.00 19.00
14.00 45.00
43.00 29.00
16.00 25.00
21.00 47.00
34.00 38.00
42.00 14.00
42.00 11.00
19.00 13.00
42.00 22.00
42.00 15.00
11.00 13.00
16.00 26.00
34.00 46.00
40.00 18.00
29.00 21.00
36.00 35.00
10.00 23.00
18.00 23.00
