# nJobs | nMachines
50 2
# m1 | m2
20.00 49.00
47.00 10.00
38.00 46.00
22.00 20.00
42.00 14.00
15.00 12.00
33.00 34.00
16.00 21.00
38.00 49.00
34.00 43.00
25.00 50.00
31.00 40.00
36.00 26.00
27.00 36.00
18.00 16.00
12.00 33.00
43.00 42.00
46.00 10.00
31.00 19.00
15.00 42.00
46.00 12.00
11.00 42.00
18.00 12.00
22.00 11.00
16.00 25.00
48.00 16.00
40.00 47.00
44.00 46.00
45.00 29.00
37.00 20.00
33.00 24.00
26.00 38.00
25.00 28.00
38.00 19.00
27.00 13.00
10.00 15.00
46.00 26.00
18.00 20.00
48.00 23.00
45.00 23.00
45.00 31.00
37.00 40.00
22.00 37.00
29.00 32.00
45.00 47.00
25.00 34.00
13.00 41.00
47.00 36.00
24.00 12.00
25.00 44.00
