# nJobs | nMachines
50 2
# m1 | m2
23.00 33.00
26.00 45.00
23.00 12.00
20.00 26.00
31.00 50.00
47.00 21.00
42.00 49.00
25.00 31.00
33.00 22.00
27.00 20.00
48.00 21.00
45.00 30.00
43.00 32.00
32.00 39.00
42.00 38.00
36.00 12.00
31.00 17.00
22.00 31.00
18.00 22.00
22.00 36.00
36.00 37.00
21.00 41.00
46.00 48.00
31.00 11.00
42.00 39.00
13.00 45.00
22.00 20.00
22.00 34.00
17.00 13.00
37.00 14.00
40.00 27.00
38.00 23.00
10.00 11.00
50.00 11.00
37.00 25.00
16.00 25.00
32.00 32.00
39.00 16.00
11.00 38.00
38.00 19.00
36.00 49.00
10.00 31.00
39.00 18.00
23.00 32.00
25.00 21.00
31.00 49.00
18.00 13.00
33.00 33.00
31.00 19.00
30.00 35.00
