# nJobs | nMachines
50 2
# m1 | m2
38.00 32.00
32.00 28.00
41.00 14.00
37.00 23.00
38.00 12.00
38.00 11.00
32.00 44.00
23.00 24.00
36.00 17.00
30.00 24.00
47.00 14.00
43.00 24.00
22.00 39.00
39.00 27.00
20.00 17.00
30.00 31.00
30.00 22.00
47.00 42.00
14.00 24.00
26.00 13.00
25.00 41.00
38.00 13.00
20.00 50.00
48.00 22.00
39.00 16.00
48.00 19.00
21.00 20.00
41.00 46.00
31.00 11.00
18.00 19.00
16.00 28.00
35.00 19.00
30.00 46.00
19.00 36.00
40.00 12.00
34.00 10.00
46.00 40.00
34.00 36.00
43.00 18.00
17.00 39.00
23.00 35.00
30.00 39.00
42.00 11.00
38.00 34.00
42.00 35.00
37.00 47.00
47.00 28.00
36.00 18.00
40.00 30.00
21.00 46.00
