# nJobs | nMachines
100 2
# m1 | m2
22.00 45.00
29.00 17.00
48.00 44.00
45.00 44.00
25.00 44.00
26.00 47.00
45.00 37.00
48.00 42.00
18.00 30.00
25.00 46.00
14.00 46.00
43.00 12.00
18.00 49.00
19.00 11.00
37.00 25.00
27.00 21.00
10.00 37.00
26.00 30.00
27.00 29.00
41.00 10.00
10.00 49.00
25.00 30.00
36.00 28.00
46.00 50.00
50.00 17.00
18.00 43.00
38.00 25.00
46.00 36.00
42.00 30.00
13.00 40.00
44.00 42.00
17.00 42.00
22.00 21.00
15.00 45.00
17.00 46.00
44.00 23.00
20.00 17.00
25.00 24.00
37.00 24.00
10.00 14.00
32.00 41.00
38.00 48.00
22.00 46.00
29.00 50.00
23.00 43.00
48.00 24.00
28.00 20.00
28.00 48.00
27.00 18.00
21.00 39.00
20.00 11.00
24.00 21.00
45.00 29.00
33.00 17.00
15.00 49.00
40.00 12.00
25.00 49.00
43.00 28.00
33.00 45.00
28.00 37.00
21.00 35.00
46.00 46.00
42.00 23.00
42.00 17.00
17.00 26.00
21.00 12.00
42.00 45.00
42.00 31.00
14.00 21.00
48.00 20.00
23.00 42.00
43.00 49.00
32.00 49.00
26.00 20.00
14.00 37.00
10.00 25.00
38.00 13.00
42.00 50.00
13.00 28.00
12.00 18.00
44.00 20.00
21.00 36.00
47.00 16.00
10.00 46.00
42.00 28.00
19.00 36.00
29.00 20.00
21.00 10.00
34.00 21.00
50.00 46.00
32.00 33.00
34.00 12.00
16.00 38.00
22.00 49.00
35.00 10.00
27.00 43.00
19.00 29.00
20.00 42.00
43.00 37.00
14.00 23.00
