# nJobs | nMachines
100 2
# m1 | m2
28.00 24.00
49.00 27.00
12.00 46.00
25.00 29.00
37.00 16.00
42.00 16.00
22.00 36.00
28.00 11.00
22.00 30.00
14.00 49.00
50.00 42.00
17.00 34.00
12.00 40.00
41.00 49.00
19.00 19.00
23.00 43.00
22.00 35.00
24.00 27.00
32.00 41.00
27.00 14.00
45.00 32.00
46.00 25.00
40.00 26.00
13.00 34.00
10.00 39.00
39.00 46.00
10.00 16.00
34.00 41.00
34.00 41.00
33.00 12.00
13.00 29.00
25.00 39.00
21.00 10.00
37.00 36.00
33.00 28.00
39.00 10.00
44.00 24.00
12.00 14.00
23.00 27.00
37.00 18.00
43.00 47.00
48.00 32.00
12.00 29.00
46.00 50.00
46.00 12.00
16.00 15.00
47.00 17.00
44.00 46.00
46.00 21.00
50.00 12.00
26.00 29.00
46.00 40.00
26.00 33.00
39.00 26.00
19.00 35.00
40.00 33.00
48.00 29.00
39.00 23.00
26.00 20.00
43.00 22.00
50.00 39.00
24.00 11.00
24.00 39.00
47.00 12.00
17.00 32.00
15.00 25.00
21.00 22.00
41.00 47.00
44.00 32.00
11.00 50.00
33.00 41.00
14.00 28.00
19.00 20.00
44.00 17.00
22.00 47.00
25.00 49.00
26.00 24.00
39.00 22.00
12.00 24.00
10.00 14.00
40.00 24.00
42.00 45.00
30.00 22.00
31.00 23.00
49.00 10.00
49.00 17.00
30.00 34.00
44.00 44.00
10.00 30.00
43.00 40.00
14.00 41.00
45.00 23.00
20.00 47.00
34.00 15.00
39.00 20.00
47.00 13.00
36.00 35.00
24.00 31.00
25.00 40.00
32.00 49.00
