# nJobs | nMachines
100 2
# m1 | m2
25.00 32.00
16.00 12.00
37.00 28.00
34.00 17.00
36.00 29.00
14.00 37.00
40.00 17.00
38.00 37.00
49.00 20.00
49.00 15.00
15.00 16.00
41.00 42.00
31.00 15.00
43.00 14.00
17.00 42.00
39.00 17.00
44.00 44.00
15.00 36.00
10.00 34.00
10.00 44.00
45.00 42.00
40.00 34.00
37.00 15.00
24.00 49.00
23.00 15.00
18.00 47.00
38.00 44.00
36.00 36.00
24.00 13.00
14.00 27.00
33.00 23.00
43.00 41.00
47.00 21.00
38.00 22.00
27.00 23.00
49.00 47.00
39.00 29.00
27.00 12.00
46.00 26.00
31.00 38.00
48.00 49.00
40.00 22.00
49.00 50.00
36.00 42.00
23.00 32.00
13.00 13.00
11.00 27.00
38.00 28.00
18.00 24.00
39.00 40.00
16.00 24.00
37.00 49.00
43.00 49.00
12.00 31.00
20.00 39.00
12.00 22.00
35.00 26.00
44.00 43.00
35.00 38.00
36.00 44.00
42.00 37.00
31.00 45.00
27.00 44.00
27.00 23.00
43.00 46.00
44.00 22.00
25.00 17.00
37.00 37.00
23.00 12.00
26.00 16.00
34.00 43.00
19.00 26.00
42.00 32.00
31.00 35.00
27.00 50.00
42.00 35.00
37.00 11.00
12.00 19.00
35.00 17.00
24.00 32.00
27.00 18.00
28.00 49.00
25.00 25.00
41.00 47.00
45.00 13.00
46.00 39.00
42.00 19.00
31.00 42.00
23.00 46.00
33.00 31.00
15.00 44.00
32.00 11.00
25.00 32.00
11.00 22.00
30.00 10.00
14.00 30.00
19.00 49.00
41.00 27.00
28.00 21.00
10.00 39.00
