# nJobs | nMachines
100 2
# m1 | m2
12.00 21.00
43.00 20.00
42.00 30.00
16.00 14.00
13.00 10.00
24.00 42.00
49.00 35.00
44.00 47.00
19.00 23.00
10.00 37.00
18.00 39.00
13.00 19.00
50.00 44.00
28.00 46.00
30.00 28.00
29.00 32.00
36.00 30.00
38.00 37.00
30.00 18.00
14.00 43.00
35.00 27.00
49.00 29.00
50.00 33.00
16.00 44.00
28.00 13.00
10.00 32.00
47.00 24.00
36.00 11.00
25.00 21.00
22.00 14.00
11.00 25.00
20.00 11.00
37.00 35.00
25.00 16.00
22.00 42.00
19.00 40.00
24.00 40.00
28.00 47.00
35.00 14.00
31.00 17.00
45.00 12.00
48.00 47.00
36.00 37.00
11.00 40.00
50.00 17.00
26.00 36.00
37.00 10.00
42.00 23.00
41.00 47.00
20.00 48.00
41.00 35.00
35.00 44.00
38.00 49.00
49.00 45.00
44.00 29.00
30.00 32.00
45.00 21.00
50.00 21.00
50.00 10.00
28.00 47.00
29.00 41.00
21.00 12.00
48.00 12.00
23.00 15.00
14.00 13.00
28.00 46.00
34.00 50.00
36.00 17.00
33.00 32.00
29.00 39.00
39.00 42.00
45.00 38.00
27.00 15.00
18.00 44.00
36.00 36.00
29.00 18.00
12.00 40.00
21.00 33.00
25.00 15.00
21.00 21.00
28.00 20.00
44.00 30.00
29.00 13.00
10.00 12.00
29.00 23.00
38.00 32.00
21.00 15.00
42.00 31.00
11.00 28.00
26.00 29.00
23.00 37.00
44.00 28.00
28.00 13.00
32.00 12.00
33.00 38.00
27.00 42.00
50.00 50.00
15.00 49.00
13.00 11.00
35.00 45.00
