# nJobs | nMachines
100 2
# m1 | m2
36 36
44 37
42 30
37 25
39 21
33 10
33 12
33 18
45 35
35 44
11 40
35 37
47 20
41 48
46 17
41 20
27 44
20 14
31 50
41 20
49 10
48 20
32 26
47 24
36 50
41 21
16 41
12 40
41 33
18 31
11 23
38 43
27 14
50 41
50 10
15 37
32 44
42 10
47 32
44 47
40 44
17 38
46 22
48 31
31 44
36 41
22 42
39 48
28 25
36 13
17 42
25 10
31 43
12 40
34 11
47 28
39 41
25 45
20 32
50 10
32 23
25 49
13 35
10 20
43 46
36 14
16 28
27 45
29 28
29 33
31 24
50 37
36 40
36 15
22 32
19 23
37 42
31 11
43 38
12 32
26 24
15 33
50 50
27 47
31 38
31 20
36 44
16 28
16 16
11 33
15 21
11 41
20 24
49 34
50 46
36 41
32 46
13 45
42 24
44 11
