# nJobs | nMachines
100 2
# m1 | m2
48.00 46.00
20.00 39.00
19.00 34.00
39.00 25.00
37.00 37.00
32.00 17.00
42.00 20.00
21.00 15.00
30.00 23.00
40.00 12.00
44.00 37.00
17.00 49.00
11.00 34.00
14.00 19.00
45.00 26.00
25.00 40.00
32.00 24.00
50.00 26.00
20.00 32.00
48.00 11.00
36.00 29.00
28.00 22.00
12.00 22.00
22.00 33.00
18.00 19.00
12.00 23.00
46.00 19.00
32.00 17.00
24.00 20.00
41.00 46.00
13.00 48.00
46.00 31.00
32.00 24.00
44.00 22.00
40.00 42.00
20.00 16.00
44.00 34.00
17.00 25.00
15.00 45.00
49.00 35.00
20.00 25.00
29.00 36.00
13.00 35.00
33.00 43.00
19.00 45.00
34.00 13.00
30.00 28.00
45.00 17.00
20.00 19.00
16.00 39.00
13.00 26.00
46.00 26.00
35.00 25.00
15.00 29.00
14.00 10.00
17.00 44.00
21.00 23.00
36.00 13.00
24.00 23.00
14.00 32.00
42.00 26.00
46.00 18.00
18.00 48.00
22.00 44.00
31.00 38.00
10.00 33.00
38.00 20.00
22.00 32.00
42.00 28.00
29.00 23.00
50.00 42.00
15.00 49.00
23.00 10.00
15.00 27.00
36.00 40.00
21.00 21.00
35.00 20.00
38.00 22.00
20.00 27.00
33.00 42.00
39.00 44.00
23.00 28.00
13.00 18.00
20.00 33.00
41.00 48.00
17.00 22.00
48.00 15.00
21.00 44.00
12.00 38.00
16.00 13.00
49.00 14.00
30.00 12.00
47.00 18.00
47.00 14.00
42.00 41.00
19.00 31.00
40.00 18.00
41.00 35.00
41.00 50.00
44.00 33.00
