# nJobs | nMachines
100 2
# m1 | m2
20.00 18.00
10.00 47.00
48.00 37.00
24.00 34.00
35.00 47.00
49.00 30.00
36.00 41.00
49.00 40.00
42.00 27.00
44.00 43.00
41.00 21.00
23.00 49.00
39.00 21.00
48.00 31.00
39.00 50.00
26.00 50.00
25.00 17.00
32.00 28.00
11.00 21.00
37.00 20.00
19.00 18.00
28.00 49.00
13.00 21.00
13.00 35.00
17.00 35.00
35.00 17.00
44.00 28.00
28.00 40.00
18.00 19.00
46.00 31.00
43.00 36.00
35.00 15.00
31.00 28.00
49.00 15.00
15.00 17.00
11.00 38.00
35.00 49.00
25.00 41.00
35.00 16.00
21.00 13.00
31.00 10.00
34.00 22.00
19.00 33.00
42.00 29.00
14.00 21.00
26.00 14.00
27.00 14.00
36.00 18.00
37.00 28.00
16.00 36.00
35.00 28.00
34.00 41.00
28.00 25.00
27.00 12.00
11.00 19.00
15.00 35.00
30.00 42.00
33.00 17.00
25.00 36.00
35.00 33.00
25.00 45.00
32.00 20.00
43.00 39.00
39.00 43.00
19.00 13.00
40.00 18.00
49.00 11.00
41.00 29.00
49.00 50.00
12.00 36.00
17.00 24.00
29.00 47.00
24.00 30.00
13.00 25.00
40.00 34.00
30.00 35.00
30.00 39.00
18.00 34.00
23.00 38.00
23.00 38.00
20.00 33.00
17.00 41.00
35.00 40.00
20.00 50.00
46.00 44.00
34.00 10.00
45.00 17.00
29.00 42.00
44.00 15.00
28.00 16.00
41.00 19.00
20.00 25.00
29.00 13.00
11.00 28.00
24.00 18.00
20.00 41.00
18.00 34.00
38.00 48.00
13.00 25.00
10.00 35.00
