# nJobs | nMachines
100 2
# m1 | m2
31.00 23.00
11.00 21.00
50.00 24.00
32.00 20.00
19.00 11.00
43.00 27.00
50.00 19.00
10.00 39.00
46.00 33.00
28.00 40.00
20.00 23.00
33.00 14.00
17.00 21.00
22.00 47.00
46.00 33.00
23.00 45.00
37.00 19.00
17.00 18.00
29.00 24.00
26.00 28.00
25.00 11.00
11.00 41.00
48.00 18.00
17.00 39.00
42.00 16.00
38.00 14.00
29.00 11.00
35.00 47.00
41.00 12.00
41.00 34.00
33.00 48.00
38.00 24.00
37.00 42.00
38.00 20.00
19.00 36.00
50.00 36.00
35.00 21.00
43.00 25.00
18.00 39.00
26.00 33.00
43.00 21.00
40.00 42.00
28.00 17.00
10.00 33.00
12.00 45.00
37.00 33.00
40.00 46.00
49.00 46.00
27.00 35.00
48.00 30.00
20.00 32.00
34.00 23.00
44.00 26.00
35.00 17.00
25.00 17.00
38.00 37.00
13.00 41.00
26.00 39.00
39.00 33.00
37.00 34.00
40.00 10.00
24.00 10.00
11.00 45.00
19.00 25.00
22.00 41.00
12.00 38.00
32.00 20.00
42.00 14.00
27.00 26.00
36.00 38.00
15.00 48.00
19.00 32.00
20.00 44.00
17.00 29.00
40.00 45.00
41.00 39.00
49.00 16.00
48.00 43.00
13.00 16.00
46.00 49.00
21.00 35.00
10.00 19.00
16.00 49.00
24.00 39.00
25.00 37.00
48.00 14.00
13.00 18.00
33.00 45.00
33.00 16.00
27.00 21.00
14.00 37.00
42.00 41.00
28.00 28.00
23.00 30.00
34.00 47.00
33.00 47.00
43.00 13.00
32.00 18.00
15.00 38.00
28.00 14.00
