# nJobs | nMachines
150 2
# m1 | m2
41.00 27.00
26.00 26.00
16.00 26.00
22.00 29.00
25.00 15.00
10.00 44.00
39.00 25.00
36.00 49.00
23.00 26.00
46.00 11.00
16.00 39.00
47.00 17.00
13.00 18.00
44.00 10.00
35.00 40.00
14.00 21.00
10.00 32.00
43.00 20.00
21.00 39.00
47.00 44.00
46.00 35.00
21.00 50.00
42.00 38.00
24.00 26.00
23.00 13.00
30.00 11.00
42.00 40.00
42.00 32.00
23.00 27.00
17.00 14.00
35.00 15.00
12.00 35.00
19.00 36.00
10.00 10.00
15.00 35.00
36.00 20.00
21.00 36.00
31.00 21.00
31.00 50.00
50.00 16.00
46.00 26.00
46.00 30.00
32.00 38.00
49.00 48.00
33.00 26.00
11.00 20.00
32.00 24.00
30.00 20.00
21.00 17.00
38.00 39.00
42.00 49.00
18.00 39.00
38.00 10.00
42.00 40.00
49.00 30.00
20.00 26.00
40.00 33.00
38.00 43.00
35.00 22.00
24.00 49.00
20.00 13.00
44.00 26.00
48.00 13.00
42.00 26.00
36.00 12.00
26.00 12.00
30.00 29.00
36.00 28.00
43.00 41.00
47.00 14.00
16.00 21.00
15.00 30.00
12.00 18.00
22.00 49.00
17.00 22.00
14.00 26.00
23.00 42.00
45.00 12.00
25.00 44.00
31.00 31.00
23.00 36.00
27.00 26.00
26.00 42.00
19.00 40.00
47.00 31.00
31.00 42.00
16.00 23.00
45.00 49.00
35.00 23.00
48.00 37.00
27.00 21.00
36.00 15.00
22.00 21.00
14.00 28.00
27.00 14.00
33.00 16.00
41.00 35.00
44.00 39.00
40.00 30.00
34.00 15.00
39.00 18.00
10.00 43.00
14.00 33.00
50.00 26.00
38.00 25.00
32.00 19.00
35.00 41.00
39.00 20.00
19.00 38.00
24.00 29.00
41.00 19.00
15.00 12.00
13.00 15.00
30.00 39.00
42.00 12.00
33.00 19.00
33.00 17.00
33.00 47.00
16.00 44.00
22.00 38.00
12.00 17.00
46.00 37.00
11.00 16.00
23.00 50.00
36.00 33.00
16.00 36.00
10.00 29.00
36.00 15.00
42.00 39.00
13.00 38.00
44.00 42.00
23.00 46.00
20.00 18.00
16.00 26.00
29.00 43.00
46.00 41.00
13.00 49.00
30.00 34.00
50.00 41.00
41.00 39.00
36.00 48.00
46.00 16.00
45.00 10.00
45.00 27.00
10.00 22.00
50.00 34.00
19.00 11.00
21.00 11.00
17.00 27.00
31.00 23.00
