# nJobs | nMachines
150 2
# m1 | m2
41 27
26 26
16 26
22 29
25 15
10 44
39 25
36 49
23 26
46 11
16 39
47 17
13 18
44 10
35 40
14 21
10 32
43 20
21 39
47 44
46 35
21 50
42 38
24 26
23 13
30 11
42 40
42 32
23 27
17 14
35 15
12 35
19 36
10 10
15 35
36 20
21 36
31 21
31 50
50 16
46 26
46 30
32 38
49 48
33 26
11 20
32 24
30 20
21 17
38 39
42 49
18 39
38 10
42 40
49 30
20 26
40 33
38 43
35 22
24 49
20 13
44 26
48 13
42 26
36 12
26 12
30 29
36 28
43 41
47 14
16 21
15 30
12 18
22 49
17 22
14 26
23 42
45 12
25 44
31 31
23 36
27 26
26 42
19 40
47 31
31 42
16 23
45 49
35 23
48 37
27 21
36 15
22 21
14 28
27 14
33 16
41 35
44 39
40 30
34 15
39 18
10 43
14 33
50 26
38 25
32 19
35 41
39 20
19 38
24 29
41 19
15 12
13 15
30 39
42 12
33 19
33 17
33 47
16 44
22 38
12 17
46 37
11 16
23 50
36 33
16 36
10 29
36 15
42 39
13 38
44 42
23 46
20 18
16 26
29 43
46 41
13 49
30 34
50 41
41 39
36 48
46 16
45 10
45 27
10 22
50 34
19 11
21 11
17 27
31 23
