# nJobs | nMachines
150 2
# m1 | m2
36 16
29 37
21 21
43 50
38 42
34 40
27 16
42 39
49 28
45 32
15 44
39 12
45 19
41 17
22 43
23 34
49 50
14 44
30 21
37 41
32 30
38 49
43 17
22 44
25 18
44 31
35 42
28 13
34 38
16 36
29 47
24 47
35 35
33 45
16 38
39 28
25 30
17 15
47 19
21 44
25 45
29 26
37 30
33 10
20 22
35 39
31 16
36 24
17 44
43 17
20 48
16 37
27 22
43 20
12 31
25 10
17 46
36 46
20 19
26 15
24 39
20 19
22 18
29 24
35 43
31 46
42 18
29 19
30 43
15 48
36 16
31 46
33 15
49 27
27 20
33 44
47 12
11 34
39 35
26 28
30 14
18 39
42 37
27 15
46 23
29 28
13 16
46 13
46 47
42 12
17 36
50 37
31 45
36 48
39 45
20 25
47 40
16 11
21 27
11 30
28 32
48 41
42 27
49 26
10 47
22 32
36 28
43 24
23 10
34 11
18 23
18 10
30 13
28 48
26 28
35 36
33 36
25 27
20 44
32 43
21 19
30 19
46 34
31 40
47 44
16 21
19 21
35 26
25 48
47 14
19 35
43 50
15 13
30 39
10 13
36 26
35 24
13 16
11 47
44 46
30 13
26 41
41 47
17 38
19 30
17 48
49 38
29 16
34 45
40 31
