# nJobs | nMachines
150 2
# m1 | m2
36.00 16.00
29.00 37.00
21.00 21.00
43.00 50.00
38.00 42.00
34.00 40.00
27.00 16.00
42.00 39.00
49.00 28.00
45.00 32.00
15.00 44.00
39.00 12.00
45.00 19.00
41.00 17.00
22.00 43.00
23.00 34.00
49.00 50.00
14.00 44.00
30.00 21.00
37.00 41.00
32.00 30.00
38.00 49.00
43.00 17.00
22.00 44.00
25.00 18.00
44.00 31.00
35.00 42.00
28.00 13.00
34.00 38.00
16.00 36.00
29.00 47.00
24.00 47.00
35.00 35.00
33.00 45.00
16.00 38.00
39.00 28.00
25.00 30.00
17.00 15.00
47.00 19.00
21.00 44.00
25.00 45.00
29.00 26.00
37.00 30.00
33.00 10.00
20.00 22.00
35.00 39.00
31.00 16.00
36.00 24.00
17.00 44.00
43.00 17.00
20.00 48.00
16.00 37.00
27.00 22.00
43.00 20.00
12.00 31.00
25.00 10.00
17.00 46.00
36.00 46.00
20.00 19.00
26.00 15.00
24.00 39.00
20.00 19.00
22.00 18.00
29.00 24.00
35.00 43.00
31.00 46.00
42.00 18.00
29.00 19.00
30.00 43.00
15.00 48.00
36.00 16.00
31.00 46.00
33.00 15.00
49.00 27.00
27.00 20.00
33.00 44.00
47.00 12.00
11.00 34.00
39.00 35.00
26.00 28.00
30.00 14.00
18.00 39.00
42.00 37.00
27.00 15.00
46.00 23.00
29.00 28.00
13.00 16.00
46.00 13.00
46.00 47.00
42.00 12.00
17.00 36.00
50.00 37.00
31.00 45.00
36.00 48.00
39.00 45.00
20.00 25.00
47.00 40.00
16.00 11.00
21.00 27.00
11.00 30.00
28.00 32.00
48.00 41.00
42.00 27.00
49.00 26.00
10.00 47.00
22.00 32.00
36.00 28.00
43.00 24.00
23.00 10.00
34.00 11.00
18.00 23.00
18.00 10.00
30.00 13.00
28.00 48.00
26.00 28.00
35.00 36.00
33.00 36.00
25.00 27.00
20.00 44.00
32.00 43.00
21.00 19.00
30.00 19.00
46.00 34.00
31.00 40.00
47.00 44.00
16.00 21.00
19.00 21.00
35.00 26.00
25.00 48.00
47.00 14.00
19.00 35.00
43.00 50.00
15.00 13.00
30.00 39.00
10.00 13.00
36.00 26.00
35.00 24.00
13.00 16.00
11.00 47.00
44.00 46.00
30.00 13.00
26.00 41.00
41.00 47.00
17.00 38.00
19.00 30.00
17.00 48.00
49.00 38.00
29.00 16.00
34.00 45.00
40.00 31.00
