# nJobs | nMachines
150 2
# m1 | m2
16 12
22 20
50 16
31 28
41 40
22 11
26 30
29 39
27 25
19 18
20 20
20 34
47 23
16 22
33 26
26 25
40 40
22 38
31 44
17 23
13 11
37 20
19 40
44 41
38 47
14 43
43 18
15 35
13 12
16 47
35 48
48 39
38 25
22 31
30 19
45 35
22 47
19 17
19 38
18 18
32 24
18 42
13 37
40 39
26 23
34 12
27 13
50 32
13 10
29 34
38 16
21 37
43 35
28 36
13 35
16 31
43 29
34 21
44 28
45 40
29 34
23 26
18 30
41 27
31 12
38 26
47 28
22 46
27 44
33 17
31 35
34 22
46 24
11 13
48 22
32 41
27 39
10 23
16 41
44 11
15 25
39 11
11 39
17 48
32 35
34 48
19 39
37 26
36 35
17 38
19 45
17 50
46 50
11 43
31 25
49 20
34 19
50 22
48 35
26 34
14 29
25 40
11 45
42 38
31 16
25 17
37 36
24 40
13 14
35 31
36 38
18 13
12 21
43 36
32 34
39 41
33 22
28 14
39 46
39 22
30 26
41 23
15 14
10 31
39 14
40 40
41 12
49 39
23 33
19 17
43 12
18 32
46 24
19 15
14 33
26 29
11 12
23 34
35 34
23 11
12 32
16 29
22 36
45 30
34 34
12 35
39 23
17 17
34 23
45 36
