# nJobs | nMachines
150 2
# m1 | m2
32.00 43.00
35.00 28.00
29.00 19.00
34.00 12.00
22.00 15.00
42.00 49.00
41.00 46.00
15.00 19.00
46.00 22.00
45.00 21.00
21.00 27.00
37.00 26.00
40.00 27.00
40.00 47.00
47.00 21.00
23.00 27.00
28.00 33.00
11.00 26.00
44.00 15.00
22.00 19.00
45.00 48.00
38.00 21.00
49.00 42.00
10.00 12.00
37.00 29.00
48.00 36.00
21.00 38.00
33.00 19.00
43.00 24.00
14.00 15.00
34.00 13.00
21.00 35.00
23.00 43.00
43.00 42.00
18.00 43.00
23.00 39.00
49.00 44.00
15.00 25.00
44.00 39.00
27.00 21.00
19.00 24.00
47.00 28.00
29.00 40.00
44.00 39.00
27.00 11.00
21.00 48.00
37.00 27.00
25.00 50.00
42.00 47.00
15.00 25.00
36.00 25.00
30.00 16.00
44.00 23.00
49.00 46.00
38.00 12.00
32.00 35.00
39.00 38.00
35.00 30.00
38.00 26.00
20.00 46.00
44.00 45.00
20.00 31.00
39.00 46.00
18.00 12.00
32.00 15.00
27.00 13.00
38.00 26.00
29.00 46.00
43.00 41.00
24.00 34.00
25.00 33.00
24.00 26.00
22.00 20.00
15.00 42.00
21.00 48.00
23.00 24.00
25.00 17.00
23.00 22.00
43.00 27.00
14.00 10.00
19.00 36.00
27.00 47.00
29.00 41.00
37.00 45.00
17.00 27.00
38.00 29.00
19.00 26.00
33.00 37.00
18.00 36.00
43.00 27.00
13.00 48.00
26.00 27.00
25.00 17.00
12.00 42.00
34.00 25.00
19.00 39.00
34.00 30.00
16.00 13.00
34.00 46.00
22.00 39.00
23.00 29.00
39.00 37.00
16.00 16.00
40.00 14.00
37.00 27.00
24.00 37.00
31.00 31.00
32.00 14.00
18.00 10.00
22.00 37.00
18.00 33.00
29.00 35.00
25.00 39.00
48.00 50.00
20.00 29.00
24.00 41.00
36.00 11.00
27.00 28.00
33.00 41.00
17.00 50.00
48.00 50.00
37.00 10.00
31.00 13.00
36.00 49.00
21.00 38.00
18.00 45.00
24.00 17.00
33.00 48.00
26.00 17.00
21.00 13.00
15.00 38.00
34.00 48.00
31.00 12.00
12.00 18.00
28.00 37.00
49.00 24.00
23.00 39.00
50.00 10.00
31.00 32.00
24.00 20.00
10.00 18.00
17.00 22.00
20.00 41.00
49.00 27.00
28.00 37.00
14.00 14.00
28.00 14.00
34.00 43.00
27.00 28.00
19.00 33.00
