# nJobs | nMachines
150 2
# m1 | m2
24.00 28.00
30.00 42.00
12.00 44.00
13.00 25.00
29.00 25.00
45.00 49.00
12.00 44.00
11.00 19.00
38.00 23.00
25.00 45.00
41.00 45.00
45.00 22.00
10.00 23.00
44.00 15.00
38.00 43.00
17.00 47.00
42.00 26.00
43.00 29.00
43.00 32.00
15.00 10.00
12.00 43.00
35.00 20.00
38.00 17.00
11.00 15.00
40.00 11.00
39.00 40.00
11.00 34.00
19.00 44.00
24.00 18.00
10.00 42.00
14.00 50.00
13.00 45.00
25.00 27.00
29.00 27.00
34.00 35.00
48.00 47.00
17.00 23.00
38.00 40.00
17.00 37.00
29.00 50.00
44.00 40.00
36.00 44.00
38.00 18.00
50.00 26.00
10.00 30.00
37.00 45.00
49.00 19.00
41.00 26.00
20.00 21.00
28.00 16.00
15.00 11.00
42.00 29.00
12.00 39.00
13.00 39.00
47.00 25.00
25.00 14.00
25.00 29.00
30.00 28.00
50.00 13.00
11.00 30.00
49.00 37.00
38.00 47.00
35.00 34.00
25.00 26.00
14.00 15.00
25.00 43.00
19.00 38.00
21.00 16.00
25.00 13.00
33.00 14.00
22.00 22.00
50.00 48.00
22.00 33.00
23.00 33.00
20.00 35.00
34.00 37.00
35.00 33.00
39.00 19.00
31.00 10.00
23.00 45.00
17.00 35.00
42.00 20.00
38.00 24.00
19.00 38.00
23.00 10.00
38.00 31.00
42.00 24.00
46.00 10.00
15.00 45.00
11.00 44.00
43.00 12.00
17.00 38.00
10.00 30.00
18.00 40.00
17.00 23.00
22.00 48.00
19.00 39.00
46.00 46.00
25.00 41.00
43.00 46.00
39.00 30.00
42.00 18.00
46.00 23.00
46.00 14.00
46.00 32.00
20.00 33.00
11.00 32.00
33.00 30.00
36.00 13.00
25.00 10.00
11.00 23.00
21.00 49.00
30.00 43.00
41.00 45.00
16.00 31.00
28.00 40.00
42.00 47.00
49.00 13.00
13.00 48.00
14.00 15.00
13.00 18.00
28.00 37.00
22.00 15.00
43.00 14.00
33.00 28.00
18.00 23.00
36.00 36.00
32.00 27.00
44.00 39.00
20.00 49.00
49.00 15.00
44.00 25.00
27.00 11.00
14.00 40.00
48.00 43.00
49.00 14.00
43.00 45.00
42.00 42.00
12.00 42.00
20.00 41.00
26.00 12.00
31.00 32.00
33.00 45.00
34.00 48.00
33.00 37.00
47.00 35.00
39.00 10.00
48.00 13.00
47.00 12.00
47.00 25.00
