# nJobs | nMachines
150 2
# m1 | m2
20.00 36.00
49.00 42.00
17.00 44.00
42.00 28.00
32.00 15.00
15.00 49.00
46.00 26.00
47.00 18.00
36.00 23.00
47.00 34.00
25.00 47.00
32.00 45.00
50.00 39.00
36.00 37.00
44.00 11.00
38.00 21.00
50.00 45.00
44.00 36.00
44.00 31.00
45.00 18.00
13.00 31.00
17.00 36.00
26.00 10.00
25.00 45.00
43.00 22.00
30.00 32.00
12.00 30.00
50.00 23.00
10.00 45.00
46.00 27.00
20.00 31.00
36.00 18.00
19.00 49.00
11.00 43.00
40.00 44.00
22.00 24.00
19.00 44.00
31.00 31.00
13.00 38.00
43.00 42.00
33.00 29.00
31.00 12.00
27.00 48.00
16.00 36.00
24.00 25.00
18.00 35.00
20.00 31.00
27.00 28.00
12.00 48.00
39.00 49.00
20.00 39.00
26.00 14.00
33.00 31.00
48.00 32.00
29.00 12.00
43.00 34.00
21.00 12.00
33.00 32.00
27.00 37.00
11.00 15.00
25.00 27.00
21.00 30.00
26.00 32.00
40.00 18.00
12.00 19.00
47.00 22.00
46.00 13.00
43.00 45.00
17.00 30.00
50.00 18.00
17.00 32.00
15.00 12.00
43.00 38.00
12.00 16.00
10.00 11.00
46.00 19.00
48.00 33.00
33.00 48.00
21.00 11.00
32.00 43.00
25.00 36.00
27.00 42.00
14.00 37.00
27.00 16.00
40.00 11.00
10.00 40.00
44.00 32.00
47.00 16.00
33.00 25.00
16.00 34.00
17.00 19.00
20.00 33.00
30.00 46.00
22.00 29.00
32.00 23.00
13.00 44.00
39.00 26.00
41.00 50.00
28.00 18.00
27.00 36.00
28.00 46.00
15.00 10.00
13.00 25.00
31.00 49.00
29.00 33.00
41.00 22.00
50.00 27.00
49.00 46.00
49.00 40.00
30.00 22.00
45.00 37.00
46.00 49.00
20.00 16.00
22.00 14.00
28.00 21.00
23.00 18.00
50.00 15.00
21.00 32.00
34.00 18.00
36.00 41.00
10.00 13.00
37.00 21.00
30.00 37.00
15.00 15.00
43.00 48.00
49.00 22.00
48.00 18.00
39.00 50.00
40.00 49.00
15.00 13.00
38.00 24.00
43.00 44.00
34.00 22.00
15.00 32.00
14.00 15.00
17.00 50.00
17.00 18.00
24.00 22.00
43.00 47.00
16.00 24.00
13.00 40.00
20.00 47.00
30.00 49.00
39.00 48.00
28.00 19.00
17.00 27.00
42.00 46.00
49.00 38.00
13.00 23.00
17.00 42.00
