# nJobs | nMachines
150 2
# m1 | m2
24.00 17.00
26.00 16.00
32.00 32.00
14.00 39.00
12.00 50.00
37.00 44.00
21.00 40.00
41.00 24.00
22.00 49.00
19.00 49.00
15.00 45.00
14.00 24.00
26.00 16.00
12.00 12.00
39.00 31.00
36.00 42.00
14.00 20.00
42.00 11.00
14.00 18.00
11.00 33.00
26.00 38.00
37.00 48.00
30.00 10.00
36.00 27.00
16.00 10.00
45.00 25.00
16.00 13.00
26.00 39.00
17.00 25.00
38.00 28.00
25.00 36.00
33.00 39.00
18.00 17.00
15.00 30.00
30.00 35.00
48.00 31.00
10.00 37.00
25.00 18.00
24.00 49.00
42.00 34.00
46.00 48.00
35.00 34.00
26.00 34.00
21.00 11.00
45.00 39.00
41.00 30.00
25.00 43.00
43.00 24.00
28.00 38.00
30.00 34.00
45.00 36.00
30.00 47.00
15.00 31.00
22.00 25.00
48.00 28.00
48.00 50.00
23.00 25.00
36.00 22.00
18.00 27.00
42.00 29.00
17.00 16.00
27.00 48.00
37.00 35.00
47.00 16.00
40.00 26.00
20.00 31.00
43.00 35.00
14.00 41.00
11.00 40.00
19.00 21.00
49.00 40.00
31.00 27.00
26.00 48.00
29.00 19.00
32.00 14.00
40.00 44.00
47.00 37.00
13.00 40.00
36.00 10.00
21.00 20.00
50.00 45.00
11.00 35.00
33.00 16.00
50.00 40.00
49.00 38.00
20.00 48.00
34.00 29.00
46.00 22.00
50.00 14.00
45.00 23.00
44.00 30.00
40.00 37.00
44.00 13.00
30.00 50.00
22.00 22.00
12.00 27.00
14.00 31.00
40.00 27.00
44.00 26.00
14.00 15.00
21.00 38.00
39.00 32.00
32.00 40.00
10.00 41.00
12.00 21.00
45.00 37.00
13.00 46.00
14.00 11.00
42.00 16.00
35.00 49.00
13.00 23.00
17.00 12.00
13.00 39.00
32.00 33.00
45.00 43.00
18.00 46.00
22.00 48.00
21.00 27.00
15.00 10.00
42.00 32.00
34.00 40.00
43.00 31.00
43.00 50.00
10.00 42.00
37.00 31.00
42.00 11.00
13.00 19.00
26.00 21.00
46.00 40.00
49.00 47.00
29.00 22.00
45.00 37.00
27.00 31.00
45.00 11.00
14.00 15.00
41.00 13.00
35.00 41.00
23.00 21.00
11.00 46.00
26.00 24.00
23.00 41.00
30.00 43.00
42.00 34.00
19.00 42.00
32.00 39.00
40.00 26.00
47.00 18.00
25.00 39.00
11.00 30.00
36.00 12.00
