# nJobs | nMachines
150 2
# m1 | m2
20.00 14.00
16.00 40.00
35.00 25.00
38.00 24.00
43.00 44.00
34.00 10.00
46.00 14.00
38.00 44.00
12.00 48.00
41.00 15.00
26.00 19.00
28.00 14.00
21.00 47.00
15.00 42.00
18.00 27.00
18.00 23.00
40.00 22.00
40.00 48.00
12.00 29.00
33.00 45.00
46.00 30.00
37.00 30.00
30.00 46.00
30.00 18.00
25.00 18.00
38.00 35.00
13.00 22.00
26.00 29.00
26.00 32.00
46.00 28.00
40.00 18.00
29.00 41.00
19.00 43.00
33.00 41.00
24.00 39.00
10.00 41.00
35.00 42.00
14.00 14.00
17.00 28.00
49.00 25.00
32.00 39.00
17.00 26.00
41.00 35.00
37.00 37.00
11.00 47.00
44.00 27.00
42.00 16.00
28.00 34.00
10.00 50.00
46.00 45.00
48.00 48.00
37.00 23.00
27.00 36.00
24.00 43.00
15.00 26.00
35.00 18.00
27.00 21.00
14.00 15.00
39.00 41.00
41.00 21.00
33.00 47.00
30.00 23.00
42.00 11.00
10.00 29.00
26.00 12.00
16.00 48.00
44.00 28.00
50.00 29.00
42.00 48.00
13.00 41.00
15.00 39.00
37.00 15.00
44.00 34.00
35.00 38.00
36.00 40.00
11.00 32.00
33.00 24.00
39.00 46.00
42.00 13.00
41.00 37.00
41.00 17.00
17.00 46.00
33.00 47.00
17.00 42.00
18.00 26.00
21.00 23.00
28.00 43.00
18.00 22.00
39.00 20.00
15.00 11.00
45.00 47.00
34.00 26.00
29.00 49.00
35.00 50.00
23.00 45.00
18.00 17.00
31.00 28.00
11.00 44.00
16.00 26.00
20.00 31.00
17.00 39.00
17.00 49.00
47.00 29.00
10.00 29.00
47.00 42.00
24.00 22.00
17.00 11.00
24.00 26.00
45.00 23.00
34.00 39.00
29.00 26.00
30.00 33.00
13.00 43.00
11.00 48.00
19.00 27.00
10.00 32.00
23.00 28.00
23.00 21.00
44.00 49.00
39.00 13.00
25.00 35.00
19.00 43.00
49.00 23.00
48.00 42.00
22.00 50.00
23.00 21.00
45.00 16.00
36.00 15.00
46.00 15.00
43.00 35.00
46.00 44.00
50.00 27.00
17.00 13.00
33.00 14.00
15.00 45.00
39.00 20.00
14.00 13.00
13.00 50.00
13.00 26.00
44.00 27.00
27.00 25.00
41.00 11.00
34.00 46.00
28.00 41.00
29.00 19.00
22.00 26.00
42.00 50.00
33.00 26.00
25.00 50.00
50.00 25.00
