# nJobs | nMachines
150 2
# m1 | m2
10.00 28.00
14.00 22.00
38.00 48.00
21.00 18.00
40.00 27.00
31.00 44.00
20.00 44.00
45.00 20.00
25.00 29.00
21.00 22.00
33.00 21.00
15.00 47.00
25.00 31.00
12.00 24.00
17.00 34.00
43.00 45.00
48.00 22.00
31.00 11.00
46.00 20.00
40.00 41.00
45.00 42.00
32.00 46.00
40.00 12.00
34.00 35.00
39.00 45.00
37.00 30.00
21.00 33.00
14.00 34.00
10.00 45.00
38.00 41.00
36.00 34.00
13.00 41.00
22.00 39.00
28.00 45.00
10.00 12.00
37.00 15.00
47.00 33.00
29.00 33.00
12.00 27.00
43.00 31.00
20.00 21.00
17.00 33.00
34.00 49.00
42.00 14.00
33.00 17.00
39.00 14.00
19.00 32.00
38.00 20.00
43.00 46.00
25.00 28.00
23.00 49.00
28.00 29.00
29.00 25.00
42.00 40.00
49.00 12.00
29.00 31.00
35.00 48.00
28.00 43.00
10.00 23.00
45.00 28.00
18.00 32.00
19.00 22.00
26.00 18.00
29.00 18.00
17.00 10.00
16.00 35.00
31.00 11.00
16.00 38.00
14.00 39.00
20.00 26.00
35.00 30.00
19.00 40.00
34.00 49.00
27.00 35.00
30.00 46.00
46.00 25.00
49.00 46.00
34.00 27.00
18.00 44.00
10.00 14.00
14.00 14.00
45.00 27.00
47.00 38.00
40.00 25.00
28.00 49.00
46.00 39.00
46.00 36.00
33.00 11.00
45.00 23.00
24.00 35.00
36.00 22.00
16.00 21.00
49.00 12.00
30.00 39.00
16.00 11.00
36.00 14.00
25.00 16.00
43.00 49.00
20.00 43.00
45.00 37.00
15.00 29.00
10.00 10.00
10.00 44.00
39.00 47.00
20.00 50.00
39.00 29.00
29.00 36.00
38.00 15.00
27.00 45.00
46.00 32.00
24.00 44.00
32.00 12.00
41.00 11.00
40.00 32.00
46.00 37.00
10.00 28.00
44.00 27.00
17.00 40.00
44.00 43.00
41.00 29.00
32.00 39.00
23.00 14.00
33.00 24.00
26.00 37.00
30.00 48.00
10.00 30.00
24.00 39.00
34.00 27.00
15.00 30.00
30.00 37.00
38.00 46.00
25.00 20.00
20.00 49.00
22.00 31.00
40.00 40.00
29.00 34.00
34.00 20.00
20.00 31.00
14.00 22.00
46.00 18.00
26.00 45.00
25.00 21.00
24.00 30.00
32.00 22.00
21.00 20.00
23.00 47.00
11.00 34.00
11.00 19.00
16.00 14.00
32.00 16.00
