# nJobs | nMachines
200 2
# m1 | m2
39.00 46.00
38.00 42.00
48.00 26.00
20.00 44.00
25.00 21.00
25.00 49.00
25.00 47.00
17.00 21.00
27.00 13.00
24.00 19.00
27.00 30.00
40.00 15.00
32.00 16.00
12.00 33.00
37.00 39.00
23.00 22.00
25.00 45.00
43.00 24.00
16.00 25.00
36.00 18.00
31.00 31.00
48.00 48.00
29.00 26.00
18.00 37.00
16.00 18.00
15.00 45.00
22.00 41.00
24.00 24.00
21.00 18.00
39.00 39.00
47.00 38.00
13.00 11.00
31.00 26.00
24.00 31.00
46.00 40.00
16.00 17.00
41.00 44.00
28.00 42.00
43.00 22.00
25.00 29.00
13.00 21.00
15.00 20.00
26.00 46.00
44.00 39.00
37.00 14.00
12.00 17.00
23.00 49.00
26.00 31.00
50.00 17.00
26.00 20.00
32.00 26.00
23.00 33.00
48.00 46.00
12.00 21.00
31.00 35.00
46.00 26.00
24.00 19.00
46.00 16.00
38.00 20.00
22.00 12.00
26.00 21.00
15.00 49.00
10.00 31.00
35.00 12.00
16.00 24.00
45.00 15.00
35.00 19.00
45.00 22.00
27.00 42.00
40.00 40.00
36.00 23.00
16.00 24.00
34.00 26.00
37.00 10.00
15.00 16.00
15.00 27.00
33.00 29.00
42.00 43.00
13.00 20.00
23.00 14.00
47.00 26.00
26.00 27.00
35.00 48.00
44.00 31.00
15.00 11.00
19.00 20.00
25.00 19.00
49.00 22.00
49.00 32.00
31.00 46.00
41.00 40.00
10.00 50.00
46.00 48.00
37.00 13.00
38.00 49.00
26.00 19.00
40.00 23.00
29.00 10.00
13.00 16.00
33.00 29.00
32.00 32.00
11.00 29.00
44.00 13.00
22.00 29.00
17.00 40.00
22.00 31.00
36.00 16.00
48.00 15.00
32.00 21.00
16.00 42.00
10.00 22.00
11.00 18.00
34.00 26.00
22.00 29.00
33.00 28.00
38.00 34.00
34.00 36.00
28.00 42.00
21.00 31.00
30.00 17.00
29.00 33.00
35.00 22.00
43.00 25.00
16.00 23.00
22.00 29.00
29.00 36.00
21.00 48.00
35.00 49.00
49.00 27.00
46.00 10.00
38.00 20.00
13.00 29.00
43.00 11.00
33.00 17.00
46.00 15.00
14.00 48.00
34.00 50.00
45.00 20.00
28.00 22.00
17.00 19.00
27.00 10.00
33.00 48.00
40.00 22.00
48.00 33.00
46.00 30.00
11.00 30.00
12.00 48.00
46.00 43.00
20.00 44.00
20.00 22.00
48.00 23.00
12.00 25.00
46.00 23.00
19.00 13.00
36.00 40.00
44.00 37.00
40.00 38.00
18.00 37.00
37.00 45.00
49.00 19.00
47.00 19.00
22.00 28.00
23.00 41.00
34.00 32.00
28.00 35.00
16.00 30.00
40.00 31.00
27.00 23.00
15.00 25.00
38.00 17.00
35.00 28.00
18.00 35.00
33.00 41.00
47.00 30.00
24.00 48.00
10.00 25.00
17.00 32.00
12.00 14.00
18.00 47.00
47.00 38.00
32.00 23.00
38.00 40.00
35.00 49.00
38.00 39.00
39.00 21.00
49.00 31.00
32.00 10.00
37.00 18.00
41.00 44.00
10.00 40.00
17.00 39.00
34.00 30.00
20.00 45.00
28.00 20.00
27.00 28.00
45.00 28.00
15.00 20.00
12.00 36.00
47.00 43.00
32.00 39.00
