# nJobs | nMachines
200 2
# m1 | m2
26 36
38 26
42 33
38 30
17 24
14 43
30 37
17 44
19 26
50 20
12 11
41 39
22 18
26 15
21 18
36 24
29 12
32 36
16 25
34 15
12 46
27 44
38 50
24 49
24 36
27 27
39 47
42 21
37 24
29 48
10 26
28 38
31 41
44 41
29 31
14 19
39 36
26 41
26 16
30 18
42 39
45 22
48 46
14 41
34 14
19 18
34 18
17 48
37 36
16 15
49 32
40 29
21 30
41 39
30 47
45 18
10 37
24 13
28 11
48 48
47 10
21 28
45 20
18 22
34 49
48 40
45 49
22 41
27 36
10 28
45 43
47 38
45 49
37 35
10 20
38 41
14 11
50 40
40 12
17 14
29 26
25 19
29 16
45 13
23 42
27 28
27 24
27 36
45 30
27 24
27 27
13 23
14 30
31 46
15 14
49 46
10 12
29 48
14 27
41 35
40 50
10 42
14 48
29 15
49 33
50 27
32 21
14 45
27 19
43 22
12 39
41 23
30 27
49 42
14 50
37 39
47 38
36 19
47 44
24 25
38 47
30 36
19 29
12 42
13 24
34 12
28 17
13 18
37 26
26 27
45 47
30 44
35 43
46 17
45 23
39 43
13 33
46 29
24 33
29 38
35 29
25 47
25 36
37 31
45 23
14 15
42 19
27 35
18 35
18 39
50 29
28 10
40 13
46 50
45 12
19 21
16 33
27 21
47 16
31 27
48 45
18 45
23 46
49 47
31 43
39 33
24 22
40 35
41 25
49 50
39 21
28 27
21 12
43 16
14 40
11 17
19 17
32 16
48 38
46 35
48 30
25 14
13 41
11 33
41 41
27 45
46 31
30 16
16 40
26 22
14 20
40 20
38 41
43 23
15 25
18 45
25 15
49 26
23 38
13 45
