# nJobs | nMachines
200 2
# m1 | m2
17.00 18.00
16.00 38.00
14.00 26.00
27.00 29.00
50.00 19.00
22.00 44.00
43.00 43.00
17.00 31.00
25.00 46.00
28.00 11.00
23.00 41.00
36.00 50.00
13.00 32.00
44.00 21.00
34.00 29.00
49.00 17.00
48.00 27.00
50.00 43.00
26.00 40.00
13.00 11.00
33.00 19.00
23.00 21.00
18.00 32.00
12.00 26.00
26.00 40.00
50.00 19.00
10.00 23.00
23.00 17.00
31.00 36.00
40.00 35.00
30.00 38.00
15.00 42.00
45.00 24.00
48.00 39.00
12.00 14.00
17.00 33.00
24.00 20.00
38.00 31.00
19.00 40.00
19.00 32.00
27.00 31.00
17.00 17.00
14.00 27.00
14.00 10.00
24.00 42.00
49.00 35.00
42.00 42.00
30.00 35.00
49.00 21.00
31.00 12.00
17.00 29.00
13.00 16.00
23.00 29.00
11.00 15.00
38.00 28.00
41.00 47.00
37.00 37.00
48.00 28.00
19.00 28.00
10.00 35.00
22.00 48.00
48.00 12.00
20.00 41.00
20.00 20.00
41.00 43.00
12.00 20.00
46.00 38.00
30.00 13.00
11.00 32.00
38.00 19.00
21.00 34.00
12.00 37.00
50.00 11.00
48.00 20.00
10.00 40.00
24.00 24.00
39.00 26.00
49.00 29.00
36.00 32.00
46.00 26.00
23.00 11.00
33.00 23.00
24.00 32.00
24.00 38.00
32.00 30.00
42.00 37.00
44.00 14.00
39.00 15.00
36.00 47.00
36.00 28.00
16.00 31.00
39.00 37.00
27.00 46.00
12.00 50.00
41.00 47.00
19.00 49.00
20.00 25.00
49.00 48.00
41.00 38.00
45.00 32.00
29.00 42.00
21.00 47.00
17.00 39.00
37.00 40.00
33.00 47.00
21.00 31.00
24.00 46.00
50.00 17.00
42.00 34.00
12.00 26.00
29.00 34.00
23.00 50.00
38.00 41.00
44.00 29.00
25.00 39.00
34.00 24.00
48.00 19.00
44.00 12.00
17.00 14.00
17.00 15.00
14.00 16.00
47.00 37.00
23.00 46.00
22.00 38.00
38.00 12.00
31.00 18.00
36.00 21.00
31.00 36.00
20.00 27.00
35.00 46.00
25.00 14.00
22.00 49.00
35.00 14.00
50.00 49.00
38.00 45.00
37.00 13.00
18.00 14.00
24.00 39.00
46.00 28.00
14.00 15.00
35.00 18.00
44.00 29.00
16.00 28.00
29.00 21.00
17.00 13.00
30.00 45.00
14.00 20.00
13.00 27.00
38.00 13.00
49.00 50.00
36.00 30.00
49.00 30.00
22.00 37.00
15.00 15.00
43.00 27.00
15.00 34.00
29.00 28.00
17.00 50.00
50.00 33.00
12.00 28.00
15.00 42.00
30.00 38.00
46.00 28.00
22.00 46.00
46.00 18.00
44.00 22.00
50.00 26.00
14.00 31.00
25.00 14.00
37.00 12.00
48.00 32.00
25.00 23.00
41.00 30.00
29.00 18.00
12.00 10.00
30.00 42.00
26.00 13.00
23.00 24.00
11.00 46.00
33.00 38.00
30.00 48.00
28.00 35.00
39.00 45.00
27.00 23.00
49.00 15.00
14.00 22.00
15.00 31.00
14.00 40.00
32.00 34.00
29.00 17.00
25.00 10.00
21.00 16.00
41.00 43.00
32.00 29.00
48.00 38.00
43.00 22.00
21.00 17.00
25.00 25.00
44.00 14.00
31.00 25.00
