# nJobs | nMachines
200 2
# m1 | m2
39 46
38 42
48 26
20 44
25 21
25 49
25 47
17 21
27 13
24 19
27 30
40 15
32 16
12 33
37 39
23 22
25 45
43 24
16 25
36 18
31 31
48 48
29 26
18 37
16 18
15 45
22 41
24 24
21 18
39 39
47 38
13 11
31 26
24 31
46 40
16 17
41 44
28 42
43 22
25 29
13 21
15 20
26 46
44 39
37 14
12 17
23 49
26 31
50 17
26 20
32 26
23 33
48 46
12 21
31 35
46 26
24 19
46 16
38 20
22 12
26 21
15 49
10 31
35 12
16 24
45 15
35 19
45 22
27 42
40 40
36 23
16 24
34 26
37 10
15 16
15 27
33 29
42 43
13 20
23 14
47 26
26 27
35 48
44 31
15 11
19 20
25 19
49 22
49 32
31 46
41 40
10 50
46 48
37 13
38 49
26 19
40 23
29 10
13 16
33 29
32 32
11 29
44 13
22 29
17 40
22 31
36 16
48 15
32 21
16 42
10 22
11 18
34 26
22 29
33 28
38 34
34 36
28 42
21 31
30 17
29 33
35 22
43 25
16 23
22 29
29 36
21 48
35 49
49 27
46 10
38 20
13 29
43 11
33 17
46 15
14 48
34 50
45 20
28 22
17 19
27 10
33 48
40 22
48 33
46 30
11 30
12 48
46 43
20 44
20 22
48 23
12 25
46 23
19 13
36 40
44 37
40 38
18 37
37 45
49 19
47 19
22 28
23 41
34 32
28 35
16 30
40 31
27 23
15 25
38 17
35 28
18 35
33 41
47 30
24 48
10 25
17 32
12 14
18 47
47 38
32 23
38 40
35 49
38 39
39 21
49 31
32 10
37 18
41 44
10 40
17 39
34 30
20 45
28 20
27 28
45 28
15 20
12 36
47 43
32 39
