# nJobs | nMachines
200 2
# m1 | m2
32 34
35 42
38 49
45 38
40 10
34 23
29 25
36 23
23 47
24 27
40 25
40 19
27 18
21 30
10 18
49 32
10 24
47 23
22 41
41 32
28 39
31 46
37 48
19 39
14 46
31 41
48 33
15 30
13 23
12 20
24 14
20 37
12 47
50 14
38 40
33 24
22 44
30 37
18 23
41 37
41 26
25 12
42 44
46 48
24 18
10 31
25 26
48 37
18 12
37 40
18 16
41 44
24 35
48 36
31 27
50 23
13 27
19 43
18 45
16 27
49 41
27 32
32 48
45 21
29 10
36 33
17 16
15 49
12 41
12 25
15 50
45 12
24 25
14 15
12 21
24 46
20 27
28 19
26 25
16 26
25 24
22 31
11 43
41 40
32 23
46 14
33 37
35 22
25 13
44 42
18 34
17 30
10 48
48 16
30 25
18 14
10 15
47 17
17 13
50 28
24 42
16 39
25 11
43 39
29 39
50 19
36 19
35 31
34 31
34 31
25 27
38 35
10 39
27 45
13 44
26 26
35 13
30 41
16 33
20 13
32 47
50 32
24 31
48 29
46 42
45 20
36 49
33 21
29 50
35 28
20 46
48 16
50 30
18 30
32 37
12 24
10 39
50 30
21 37
38 48
22 39
50 45
49 24
13 35
13 15
13 31
17 46
42 27
36 39
27 39
16 34
34 36
42 32
48 28
31 45
38 36
42 39
50 32
50 43
41 24
13 42
16 23
27 28
26 11
21 46
13 10
39 32
32 17
25 20
33 30
14 15
11 33
44 34
37 16
28 30
26 20
17 10
47 40
33 13
31 50
17 30
44 30
47 37
44 26
39 12
26 24
16 26
16 42
28 34
33 17
10 29
13 25
35 21
22 23
19 17
19 28
13 30
18 12
30 47
38 46
