# nJobs | nMachines
200 2
# m1 | m2
14.00 45.00
25.00 22.00
22.00 45.00
45.00 27.00
24.00 21.00
36.00 37.00
10.00 39.00
15.00 29.00
32.00 23.00
29.00 23.00
10.00 45.00
21.00 26.00
32.00 19.00
12.00 35.00
26.00 20.00
22.00 18.00
26.00 42.00
18.00 17.00
23.00 11.00
32.00 12.00
20.00 31.00
21.00 12.00
49.00 20.00
13.00 47.00
32.00 24.00
19.00 44.00
38.00 24.00
26.00 40.00
17.00 41.00
35.00 14.00
29.00 23.00
49.00 31.00
48.00 44.00
12.00 37.00
19.00 28.00
20.00 32.00
47.00 42.00
29.00 26.00
24.00 31.00
30.00 40.00
17.00 49.00
38.00 35.00
29.00 49.00
48.00 23.00
33.00 45.00
12.00 17.00
16.00 20.00
49.00 17.00
24.00 24.00
19.00 19.00
49.00 25.00
24.00 47.00
27.00 43.00
11.00 26.00
22.00 29.00
48.00 27.00
25.00 40.00
31.00 46.00
44.00 27.00
50.00 19.00
34.00 12.00
13.00 47.00
35.00 45.00
10.00 19.00
43.00 11.00
41.00 47.00
32.00 50.00
34.00 24.00
31.00 43.00
34.00 28.00
49.00 45.00
22.00 33.00
30.00 33.00
17.00 34.00
24.00 26.00
44.00 40.00
39.00 20.00
19.00 49.00
50.00 47.00
16.00 45.00
12.00 12.00
31.00 28.00
11.00 26.00
47.00 19.00
25.00 28.00
34.00 32.00
31.00 26.00
41.00 48.00
34.00 43.00
46.00 21.00
32.00 27.00
14.00 20.00
48.00 40.00
43.00 38.00
29.00 11.00
39.00 25.00
22.00 47.00
14.00 20.00
31.00 34.00
32.00 50.00
40.00 38.00
18.00 25.00
18.00 38.00
40.00 28.00
14.00 19.00
36.00 15.00
11.00 49.00
38.00 26.00
40.00 21.00
46.00 15.00
23.00 41.00
20.00 22.00
22.00 34.00
48.00 23.00
14.00 30.00
12.00 24.00
47.00 50.00
25.00 21.00
19.00 18.00
50.00 15.00
14.00 48.00
20.00 12.00
28.00 24.00
41.00 45.00
16.00 49.00
22.00 48.00
42.00 35.00
35.00 21.00
25.00 27.00
17.00 27.00
49.00 46.00
19.00 14.00
38.00 16.00
47.00 19.00
47.00 27.00
29.00 21.00
16.00 32.00
22.00 33.00
28.00 45.00
40.00 33.00
42.00 25.00
40.00 25.00
17.00 48.00
10.00 14.00
24.00 18.00
43.00 45.00
20.00 31.00
16.00 18.00
26.00 28.00
22.00 46.00
31.00 34.00
31.00 19.00
23.00 49.00
16.00 46.00
40.00 38.00
27.00 33.00
39.00 26.00
35.00 30.00
42.00 50.00
43.00 40.00
33.00 12.00
33.00 37.00
16.00 50.00
19.00 43.00
46.00 30.00
46.00 32.00
27.00 50.00
38.00 31.00
20.00 34.00
46.00 43.00
11.00 46.00
41.00 11.00
33.00 27.00
14.00 46.00
10.00 48.00
40.00 23.00
48.00 34.00
50.00 31.00
49.00 45.00
14.00 18.00
34.00 25.00
40.00 16.00
10.00 40.00
44.00 46.00
14.00 19.00
29.00 44.00
13.00 29.00
13.00 24.00
32.00 18.00
20.00 44.00
19.00 47.00
43.00 15.00
46.00 42.00
24.00 40.00
46.00 32.00
39.00 42.00
28.00 31.00
41.00 24.00
35.00 45.00
13.00 17.00
