# nJobs | nMachines
200 2
# m1 | m2
33 10
34 16
38 22
49 12
23 45
41 22
44 45
21 33
24 10
42 22
21 26
21 17
46 42
35 27
41 23
44 25
44 33
40 33
36 17
20 42
14 10
19 45
22 39
38 20
43 13
15 44
29 37
21 16
47 29
39 20
45 49
43 36
39 45
15 31
43 43
14 26
38 34
50 43
13 21
47 47
23 16
12 37
42 30
30 34
11 20
22 28
27 32
50 24
27 23
45 16
13 43
47 45
24 10
14 10
40 20
11 28
26 46
49 40
37 50
11 32
24 17
25 20
50 39
34 48
43 41
40 20
24 38
27 23
46 10
31 13
41 19
28 47
15 20
14 36
30 12
17 21
27 41
40 33
13 13
17 11
19 25
24 19
33 45
33 14
38 44
45 18
42 41
44 32
14 39
29 36
41 35
34 15
25 46
47 48
23 14
33 28
31 42
13 17
38 38
37 35
35 11
36 22
24 22
17 38
31 11
44 38
49 28
17 37
44 45
21 33
24 16
45 15
15 11
15 45
41 25
18 30
14 36
13 45
16 15
39 45
10 30
40 23
34 18
14 32
10 26
49 23
41 31
27 17
50 31
27 38
42 12
13 31
13 13
17 15
44 32
48 42
41 38
31 42
18 31
45 36
34 35
45 39
22 27
49 45
31 16
37 39
44 43
23 35
11 15
40 47
13 36
38 20
32 39
23 50
26 46
17 47
45 10
37 49
37 48
25 33
42 14
27 37
10 33
26 44
50 11
24 40
37 31
10 22
35 50
11 28
42 38
13 33
32 31
45 45
33 13
47 47
22 13
49 46
28 18
48 27
28 26
25 41
22 14
23 11
41 24
24 25
10 20
47 47
50 29
38 47
44 42
13 34
15 14
24 27
22 28
46 42
30 22
49 44
44 21
19 43
