# nJobs | nMachines
200 2
# m1 | m2
49 50
22 39
27 10
14 37
29 42
42 12
12 29
32 20
40 33
28 19
28 34
20 47
21 38
49 13
19 44
46 38
11 17
28 20
24 42
19 23
26 44
27 28
15 14
36 47
24 49
39 28
28 46
37 18
36 28
38 32
50 43
42 25
19 45
30 46
41 46
13 34
40 48
28 17
33 41
27 17
10 36
33 17
40 38
23 23
49 15
19 42
45 18
23 27
22 10
44 36
42 18
20 16
39 28
46 32
35 48
36 14
41 42
45 23
49 26
26 50
20 46
27 29
13 29
27 29
33 50
36 19
32 32
31 43
17 20
28 32
32 12
22 48
17 49
15 26
40 21
23 13
15 20
47 47
50 49
17 24
44 31
46 11
19 36
50 33
27 33
38 45
37 28
39 11
23 14
39 34
43 28
44 37
37 15
16 13
44 49
11 50
30 43
22 10
11 15
10 31
24 12
47 40
22 22
26 49
45 35
42 40
45 11
50 50
30 47
24 35
11 37
39 32
26 27
28 46
19 31
20 48
24 41
19 17
45 42
20 26
48 20
20 24
37 10
10 23
43 23
28 43
50 15
18 21
50 23
34 48
11 20
37 22
23 15
31 42
39 48
25 18
19 19
43 32
11 21
32 21
22 32
21 34
12 25
41 34
19 48
44 18
43 37
29 16
42 11
27 44
22 38
18 26
50 13
47 17
40 34
26 28
17 16
23 33
39 21
50 15
34 10
13 21
45 10
15 22
39 40
27 20
14 46
27 15
47 45
45 39
36 39
41 39
18 13
49 10
29 37
36 34
14 41
48 28
32 29
29 36
34 48
37 35
35 22
10 40
23 48
38 20
36 18
11 12
37 39
22 42
43 19
46 47
22 42
45 39
20 13
31 18
32 37
19 17
25 34
19 38
