# nJobs | nMachines
200 2
# m1 | m2
37.00 24.00
24.00 13.00
48.00 21.00
44.00 35.00
38.00 26.00
30.00 16.00
14.00 34.00
15.00 18.00
16.00 48.00
43.00 26.00
40.00 21.00
50.00 42.00
36.00 40.00
25.00 25.00
16.00 33.00
26.00 12.00
10.00 48.00
47.00 36.00
14.00 23.00
18.00 30.00
13.00 40.00
28.00 49.00
38.00 36.00
13.00 47.00
34.00 44.00
19.00 43.00
19.00 12.00
14.00 22.00
17.00 31.00
26.00 44.00
21.00 26.00
12.00 33.00
23.00 19.00
16.00 39.00
46.00 19.00
10.00 42.00
46.00 45.00
46.00 42.00
44.00 12.00
15.00 50.00
16.00 43.00
26.00 16.00
15.00 45.00
26.00 41.00
33.00 23.00
24.00 33.00
28.00 36.00
38.00 24.00
20.00 40.00
38.00 45.00
46.00 22.00
40.00 25.00
37.00 23.00
28.00 50.00
43.00 17.00
25.00 20.00
36.00 34.00
23.00 42.00
35.00 26.00
48.00 17.00
18.00 25.00
41.00 17.00
50.00 36.00
35.00 41.00
44.00 30.00
45.00 18.00
45.00 36.00
14.00 22.00
32.00 13.00
31.00 32.00
48.00 21.00
21.00 36.00
27.00 24.00
39.00 40.00
47.00 22.00
13.00 36.00
48.00 23.00
50.00 50.00
18.00 35.00
25.00 25.00
39.00 44.00
43.00 35.00
30.00 26.00
15.00 43.00
16.00 27.00
23.00 12.00
33.00 33.00
32.00 22.00
25.00 37.00
15.00 37.00
20.00 13.00
30.00 28.00
16.00 19.00
13.00 50.00
31.00 38.00
44.00 44.00
12.00 32.00
27.00 34.00
32.00 31.00
14.00 19.00
37.00 17.00
45.00 44.00
13.00 15.00
17.00 30.00
49.00 30.00
44.00 48.00
47.00 18.00
14.00 11.00
43.00 31.00
48.00 40.00
23.00 47.00
15.00 11.00
32.00 43.00
28.00 22.00
43.00 47.00
35.00 13.00
40.00 28.00
47.00 44.00
48.00 48.00
27.00 36.00
14.00 21.00
49.00 29.00
17.00 50.00
16.00 10.00
23.00 13.00
19.00 32.00
11.00 18.00
36.00 50.00
26.00 19.00
23.00 31.00
14.00 24.00
31.00 12.00
36.00 43.00
50.00 35.00
32.00 46.00
45.00 24.00
21.00 40.00
24.00 48.00
26.00 38.00
15.00 15.00
40.00 18.00
25.00 23.00
14.00 28.00
15.00 44.00
24.00 41.00
23.00 40.00
21.00 33.00
48.00 49.00
15.00 20.00
28.00 29.00
27.00 43.00
22.00 25.00
32.00 16.00
37.00 36.00
48.00 30.00
43.00 21.00
32.00 31.00
35.00 36.00
12.00 26.00
31.00 47.00
39.00 45.00
30.00 14.00
18.00 16.00
23.00 43.00
29.00 17.00
25.00 22.00
12.00 25.00
45.00 34.00
26.00 12.00
24.00 31.00
16.00 27.00
21.00 31.00
43.00 16.00
48.00 42.00
27.00 39.00
12.00 39.00
22.00 21.00
37.00 24.00
42.00 35.00
24.00 39.00
30.00 23.00
39.00 37.00
50.00 20.00
50.00 12.00
49.00 30.00
34.00 17.00
32.00 30.00
44.00 14.00
15.00 32.00
15.00 35.00
41.00 48.00
23.00 44.00
27.00 21.00
27.00 48.00
50.00 26.00
11.00 10.00
33.00 46.00
14.00 42.00
42.00 47.00
22.00 50.00
