# nJobs | nMachines
200 2
# m1 | m2
44 46
26 47
30 31
15 26
34 36
40 39
37 34
15 15
10 29
17 48
41 44
35 14
33 30
50 33
14 44
42 41
15 12
32 34
32 23
12 47
47 39
16 20
39 11
32 29
26 45
13 15
16 15
36 37
46 15
36 32
32 23
37 47
33 19
35 43
18 34
43 25
17 29
30 15
35 33
50 10
34 47
12 47
16 28
48 26
30 19
12 46
41 35
30 14
23 12
47 44
10 47
45 34
17 10
36 45
11 25
13 50
11 28
46 23
44 43
35 21
46 33
12 28
30 46
12 17
15 32
33 31
32 41
50 34
15 46
22 34
38 33
43 44
39 39
12 13
23 19
13 25
11 26
18 41
28 17
28 15
21 17
30 26
28 34
16 31
42 11
49 18
23 15
26 15
18 24
44 34
40 30
50 47
29 24
45 49
25 28
11 14
31 43
25 39
24 38
39 38
30 40
44 15
39 10
23 33
31 28
24 45
19 26
22 21
23 28
17 46
14 33
28 27
19 38
36 22
47 21
20 34
13 41
10 34
37 10
26 12
21 29
26 33
10 35
19 12
16 15
12 50
28 23
35 32
21 29
34 37
46 29
36 44
46 20
20 23
12 45
37 36
34 20
37 13
21 40
23 47
14 20
20 27
20 25
41 13
10 21
18 50
49 22
12 18
43 40
17 44
38 17
30 31
16 14
31 25
22 19
24 39
44 12
19 49
27 22
26 43
24 32
22 14
48 40
47 36
23 19
17 18
32 32
32 11
15 38
18 14
25 30
26 30
32 19
19 12
45 35
20 37
43 17
30 29
35 34
48 20
25 11
26 19
30 25
37 38
19 15
37 34
42 43
43 27
50 43
23 42
31 40
26 40
23 28
15 20
43 35
14 21
28 49
42 23
32 10
14 17
