# nJobs | nMachines
200 2
# m1 | m2
32.00 34.00
35.00 42.00
38.00 49.00
45.00 38.00
40.00 10.00
34.00 23.00
29.00 25.00
36.00 23.00
23.00 47.00
24.00 27.00
40.00 25.00
40.00 19.00
27.00 18.00
21.00 30.00
10.00 18.00
49.00 32.00
10.00 24.00
47.00 23.00
22.00 41.00
41.00 32.00
28.00 39.00
31.00 46.00
37.00 48.00
19.00 39.00
14.00 46.00
31.00 41.00
48.00 33.00
15.00 30.00
13.00 23.00
12.00 20.00
24.00 14.00
20.00 37.00
12.00 47.00
50.00 14.00
38.00 40.00
33.00 24.00
22.00 44.00
30.00 37.00
18.00 23.00
41.00 37.00
41.00 26.00
25.00 12.00
42.00 44.00
46.00 48.00
24.00 18.00
10.00 31.00
25.00 26.00
48.00 37.00
18.00 12.00
37.00 40.00
18.00 16.00
41.00 44.00
24.00 35.00
48.00 36.00
31.00 27.00
50.00 23.00
13.00 27.00
19.00 43.00
18.00 45.00
16.00 27.00
49.00 41.00
27.00 32.00
32.00 48.00
45.00 21.00
29.00 10.00
36.00 33.00
17.00 16.00
15.00 49.00
12.00 41.00
12.00 25.00
15.00 50.00
45.00 12.00
24.00 25.00
14.00 15.00
12.00 21.00
24.00 46.00
20.00 27.00
28.00 19.00
26.00 25.00
16.00 26.00
25.00 24.00
22.00 31.00
11.00 43.00
41.00 40.00
32.00 23.00
46.00 14.00
33.00 37.00
35.00 22.00
25.00 13.00
44.00 42.00
18.00 34.00
17.00 30.00
10.00 48.00
48.00 16.00
30.00 25.00
18.00 14.00
10.00 15.00
47.00 17.00
17.00 13.00
50.00 28.00
24.00 42.00
16.00 39.00
25.00 11.00
43.00 39.00
29.00 39.00
50.00 19.00
36.00 19.00
35.00 31.00
34.00 31.00
34.00 31.00
25.00 27.00
38.00 35.00
10.00 39.00
27.00 45.00
13.00 44.00
26.00 26.00
35.00 13.00
30.00 41.00
16.00 33.00
20.00 13.00
32.00 47.00
50.00 32.00
24.00 31.00
48.00 29.00
46.00 42.00
45.00 20.00
36.00 49.00
33.00 21.00
29.00 50.00
35.00 28.00
20.00 46.00
48.00 16.00
50.00 30.00
18.00 30.00
32.00 37.00
12.00 24.00
10.00 39.00
50.00 30.00
21.00 37.00
38.00 48.00
22.00 39.00
50.00 45.00
49.00 24.00
13.00 35.00
13.00 15.00
13.00 31.00
17.00 46.00
42.00 27.00
36.00 39.00
27.00 39.00
16.00 34.00
34.00 36.00
42.00 32.00
48.00 28.00
31.00 45.00
38.00 36.00
42.00 39.00
50.00 32.00
50.00 43.00
41.00 24.00
13.00 42.00
16.00 23.00
27.00 28.00
26.00 11.00
21.00 46.00
13.00 10.00
39.00 32.00
32.00 17.00
25.00 20.00
33.00 30.00
14.00 15.00
11.00 33.00
44.00 34.00
37.00 16.00
28.00 30.00
26.00 20.00
17.00 10.00
47.00 40.00
33.00 13.00
31.00 50.00
17.00 30.00
44.00 30.00
47.00 37.00
44.00 26.00
39.00 12.00
26.00 24.00
16.00 26.00
16.00 42.00
28.00 34.00
33.00 17.00
10.00 29.00
13.00 25.00
35.00 21.00
22.00 23.00
19.00 17.00
19.00 28.00
13.00 30.00
18.00 12.00
30.00 47.00
38.00 46.00
