# nJobs | nMachines
200 2
# m1 | m2
33.00 10.00
34.00 16.00
38.00 22.00
49.00 12.00
23.00 45.00
41.00 22.00
44.00 45.00
21.00 33.00
24.00 10.00
42.00 22.00
21.00 26.00
21.00 17.00
46.00 42.00
35.00 27.00
41.00 23.00
44.00 25.00
44.00 33.00
40.00 33.00
36.00 17.00
20.00 42.00
14.00 10.00
19.00 45.00
22.00 39.00
38.00 20.00
43.00 13.00
15.00 44.00
29.00 37.00
21.00 16.00
47.00 29.00
39.00 20.00
45.00 49.00
43.00 36.00
39.00 45.00
15.00 31.00
43.00 43.00
14.00 26.00
38.00 34.00
50.00 43.00
13.00 21.00
47.00 47.00
23.00 16.00
12.00 37.00
42.00 30.00
30.00 34.00
11.00 20.00
22.00 28.00
27.00 32.00
50.00 24.00
27.00 23.00
45.00 16.00
13.00 43.00
47.00 45.00
24.00 10.00
14.00 10.00
40.00 20.00
11.00 28.00
26.00 46.00
49.00 40.00
37.00 50.00
11.00 32.00
24.00 17.00
25.00 20.00
50.00 39.00
34.00 48.00
43.00 41.00
40.00 20.00
24.00 38.00
27.00 23.00
46.00 10.00
31.00 13.00
41.00 19.00
28.00 47.00
15.00 20.00
14.00 36.00
30.00 12.00
17.00 21.00
27.00 41.00
40.00 33.00
13.00 13.00
17.00 11.00
19.00 25.00
24.00 19.00
33.00 45.00
33.00 14.00
38.00 44.00
45.00 18.00
42.00 41.00
44.00 32.00
14.00 39.00
29.00 36.00
41.00 35.00
34.00 15.00
25.00 46.00
47.00 48.00
23.00 14.00
33.00 28.00
31.00 42.00
13.00 17.00
38.00 38.00
37.00 35.00
35.00 11.00
36.00 22.00
24.00 22.00
17.00 38.00
31.00 11.00
44.00 38.00
49.00 28.00
17.00 37.00
44.00 45.00
21.00 33.00
24.00 16.00
45.00 15.00
15.00 11.00
15.00 45.00
41.00 25.00
18.00 30.00
14.00 36.00
13.00 45.00
16.00 15.00
39.00 45.00
10.00 30.00
40.00 23.00
34.00 18.00
14.00 32.00
10.00 26.00
49.00 23.00
41.00 31.00
27.00 17.00
50.00 31.00
27.00 38.00
42.00 12.00
13.00 31.00
13.00 13.00
17.00 15.00
44.00 32.00
48.00 42.00
41.00 38.00
31.00 42.00
18.00 31.00
45.00 36.00
34.00 35.00
45.00 39.00
22.00 27.00
49.00 45.00
31.00 16.00
37.00 39.00
44.00 43.00
23.00 35.00
11.00 15.00
40.00 47.00
13.00 36.00
38.00 20.00
32.00 39.00
23.00 50.00
26.00 46.00
17.00 47.00
45.00 10.00
37.00 49.00
37.00 48.00
25.00 33.00
42.00 14.00
27.00 37.00
10.00 33.00
26.00 44.00
50.00 11.00
24.00 40.00
37.00 31.00
10.00 22.00
35.00 50.00
11.00 28.00
42.00 38.00
13.00 33.00
32.00 31.00
45.00 45.00
33.00 13.00
47.00 47.00
22.00 13.00
49.00 46.00
28.00 18.00
48.00 27.00
28.00 26.00
25.00 41.00
22.00 14.00
23.00 11.00
41.00 24.00
24.00 25.00
10.00 20.00
47.00 47.00
50.00 29.00
38.00 47.00
44.00 42.00
13.00 34.00
15.00 14.00
24.00 27.00
22.00 28.00
46.00 42.00
30.00 22.00
49.00 44.00
44.00 21.00
19.00 43.00
