# nJobs | nMachines
200 2
# m1 | m2
26.00 36.00
38.00 26.00
42.00 33.00
38.00 30.00
17.00 24.00
14.00 43.00
30.00 37.00
17.00 44.00
19.00 26.00
50.00 20.00
12.00 11.00
41.00 39.00
22.00 18.00
26.00 15.00
21.00 18.00
36.00 24.00
29.00 12.00
32.00 36.00
16.00 25.00
34.00 15.00
12.00 46.00
27.00 44.00
38.00 50.00
24.00 49.00
24.00 36.00
27.00 27.00
39.00 47.00
42.00 21.00
37.00 24.00
29.00 48.00
10.00 26.00
28.00 38.00
31.00 41.00
44.00 41.00
29.00 31.00
14.00 19.00
39.00 36.00
26.00 41.00
26.00 16.00
30.00 18.00
42.00 39.00
45.00 22.00
48.00 46.00
14.00 41.00
34.00 14.00
19.00 18.00
34.00 18.00
17.00 48.00
37.00 36.00
16.00 15.00
49.00 32.00
40.00 29.00
21.00 30.00
41.00 39.00
30.00 47.00
45.00 18.00
10.00 37.00
24.00 13.00
28.00 11.00
48.00 48.00
47.00 10.00
21.00 28.00
45.00 20.00
18.00 22.00
34.00 49.00
48.00 40.00
45.00 49.00
22.00 41.00
27.00 36.00
10.00 28.00
45.00 43.00
47.00 38.00
45.00 49.00
37.00 35.00
10.00 20.00
38.00 41.00
14.00 11.00
50.00 40.00
40.00 12.00
17.00 14.00
29.00 26.00
25.00 19.00
29.00 16.00
45.00 13.00
23.00 42.00
27.00 28.00
27.00 24.00
27.00 36.00
45.00 30.00
27.00 24.00
27.00 27.00
13.00 23.00
14.00 30.00
31.00 46.00
15.00 14.00
49.00 46.00
10.00 12.00
29.00 48.00
14.00 27.00
41.00 35.00
40.00 50.00
10.00 42.00
14.00 48.00
29.00 15.00
49.00 33.00
50.00 27.00
32.00 21.00
14.00 45.00
27.00 19.00
43.00 22.00
12.00 39.00
41.00 23.00
30.00 27.00
49.00 42.00
14.00 50.00
37.00 39.00
47.00 38.00
36.00 19.00
47.00 44.00
24.00 25.00
38.00 47.00
30.00 36.00
19.00 29.00
12.00 42.00
13.00 24.00
34.00 12.00
28.00 17.00
13.00 18.00
37.00 26.00
26.00 27.00
45.00 47.00
30.00 44.00
35.00 43.00
46.00 17.00
45.00 23.00
39.00 43.00
13.00 33.00
46.00 29.00
24.00 33.00
29.00 38.00
35.00 29.00
25.00 47.00
25.00 36.00
37.00 31.00
45.00 23.00
14.00 15.00
42.00 19.00
27.00 35.00
18.00 35.00
18.00 39.00
50.00 29.00
28.00 10.00
40.00 13.00
46.00 50.00
45.00 12.00
19.00 21.00
16.00 33.00
27.00 21.00
47.00 16.00
31.00 27.00
48.00 45.00
18.00 45.00
23.00 46.00
49.00 47.00
31.00 43.00
39.00 33.00
24.00 22.00
40.00 35.00
41.00 25.00
49.00 50.00
39.00 21.00
28.00 27.00
21.00 12.00
43.00 16.00
14.00 40.00
11.00 17.00
19.00 17.00
32.00 16.00
48.00 38.00
46.00 35.00
48.00 30.00
25.00 14.00
13.00 41.00
11.00 33.00
41.00 41.00
27.00 45.00
46.00 31.00
30.00 16.00
16.00 40.00
26.00 22.00
14.00 20.00
40.00 20.00
38.00 41.00
43.00 23.00
15.00 25.00
18.00 45.00
25.00 15.00
49.00 26.00
23.00 38.00
13.00 45.00
