# nJobs | nMachines
200 2
# m1 | m2
44.00 46.00
26.00 47.00
30.00 31.00
15.00 26.00
34.00 36.00
40.00 39.00
37.00 34.00
15.00 15.00
10.00 29.00
17.00 48.00
41.00 44.00
35.00 14.00
33.00 30.00
50.00 33.00
14.00 44.00
42.00 41.00
15.00 12.00
32.00 34.00
32.00 23.00
12.00 47.00
47.00 39.00
16.00 20.00
39.00 11.00
32.00 29.00
26.00 45.00
13.00 15.00
16.00 15.00
36.00 37.00
46.00 15.00
36.00 32.00
32.00 23.00
37.00 47.00
33.00 19.00
35.00 43.00
18.00 34.00
43.00 25.00
17.00 29.00
30.00 15.00
35.00 33.00
50.00 10.00
34.00 47.00
12.00 47.00
16.00 28.00
48.00 26.00
30.00 19.00
12.00 46.00
41.00 35.00
30.00 14.00
23.00 12.00
47.00 44.00
10.00 47.00
45.00 34.00
17.00 10.00
36.00 45.00
11.00 25.00
13.00 50.00
11.00 28.00
46.00 23.00
44.00 43.00
35.00 21.00
46.00 33.00
12.00 28.00
30.00 46.00
12.00 17.00
15.00 32.00
33.00 31.00
32.00 41.00
50.00 34.00
15.00 46.00
22.00 34.00
38.00 33.00
43.00 44.00
39.00 39.00
12.00 13.00
23.00 19.00
13.00 25.00
11.00 26.00
18.00 41.00
28.00 17.00
28.00 15.00
21.00 17.00
30.00 26.00
28.00 34.00
16.00 31.00
42.00 11.00
49.00 18.00
23.00 15.00
26.00 15.00
18.00 24.00
44.00 34.00
40.00 30.00
50.00 47.00
29.00 24.00
45.00 49.00
25.00 28.00
11.00 14.00
31.00 43.00
25.00 39.00
24.00 38.00
39.00 38.00
30.00 40.00
44.00 15.00
39.00 10.00
23.00 33.00
31.00 28.00
24.00 45.00
19.00 26.00
22.00 21.00
23.00 28.00
17.00 46.00
14.00 33.00
28.00 27.00
19.00 38.00
36.00 22.00
47.00 21.00
20.00 34.00
13.00 41.00
10.00 34.00
37.00 10.00
26.00 12.00
21.00 29.00
26.00 33.00
10.00 35.00
19.00 12.00
16.00 15.00
12.00 50.00
28.00 23.00
35.00 32.00
21.00 29.00
34.00 37.00
46.00 29.00
36.00 44.00
46.00 20.00
20.00 23.00
12.00 45.00
37.00 36.00
34.00 20.00
37.00 13.00
21.00 40.00
23.00 47.00
14.00 20.00
20.00 27.00
20.00 25.00
41.00 13.00
10.00 21.00
18.00 50.00
49.00 22.00
12.00 18.00
43.00 40.00
17.00 44.00
38.00 17.00
30.00 31.00
16.00 14.00
31.00 25.00
22.00 19.00
24.00 39.00
44.00 12.00
19.00 49.00
27.00 22.00
26.00 43.00
24.00 32.00
22.00 14.00
48.00 40.00
47.00 36.00
23.00 19.00
17.00 18.00
32.00 32.00
32.00 11.00
15.00 38.00
18.00 14.00
25.00 30.00
26.00 30.00
32.00 19.00
19.00 12.00
45.00 35.00
20.00 37.00
43.00 17.00
30.00 29.00
35.00 34.00
48.00 20.00
25.00 11.00
26.00 19.00
30.00 25.00
37.00 38.00
19.00 15.00
37.00 34.00
42.00 43.00
43.00 27.00
50.00 43.00
23.00 42.00
31.00 40.00
26.00 40.00
23.00 28.00
15.00 20.00
43.00 35.00
14.00 21.00
28.00 49.00
42.00 23.00
32.00 10.00
14.00 17.00
