# nJobs | nMachines
200 2
# m1 | m2
24.00 14.00
39.00 36.00
40.00 43.00
19.00 25.00
50.00 34.00
18.00 21.00
20.00 44.00
36.00 30.00
45.00 37.00
28.00 49.00
41.00 10.00
30.00 29.00
40.00 16.00
11.00 25.00
12.00 44.00
37.00 11.00
17.00 46.00
26.00 40.00
38.00 29.00
48.00 36.00
48.00 13.00
18.00 40.00
37.00 50.00
39.00 37.00
34.00 35.00
46.00 45.00
13.00 28.00
21.00 17.00
23.00 43.00
21.00 32.00
43.00 28.00
46.00 25.00
38.00 41.00
25.00 45.00
34.00 20.00
17.00 28.00
41.00 27.00
21.00 40.00
49.00 45.00
35.00 22.00
11.00 20.00
13.00 13.00
29.00 21.00
10.00 42.00
47.00 32.00
18.00 15.00
11.00 37.00
23.00 34.00
42.00 20.00
31.00 43.00
19.00 15.00
25.00 41.00
44.00 35.00
43.00 28.00
10.00 10.00
49.00 41.00
24.00 20.00
20.00 22.00
20.00 44.00
42.00 21.00
37.00 50.00
13.00 33.00
34.00 10.00
41.00 35.00
48.00 19.00
26.00 13.00
26.00 47.00
21.00 37.00
16.00 10.00
49.00 34.00
41.00 45.00
39.00 32.00
21.00 38.00
24.00 44.00
39.00 29.00
50.00 44.00
25.00 18.00
48.00 50.00
29.00 46.00
21.00 31.00
14.00 49.00
24.00 43.00
49.00 25.00
45.00 27.00
19.00 25.00
38.00 35.00
18.00 41.00
11.00 23.00
11.00 14.00
16.00 37.00
19.00 25.00
19.00 44.00
19.00 38.00
36.00 13.00
37.00 34.00
18.00 34.00
44.00 17.00
33.00 42.00
39.00 17.00
26.00 27.00
11.00 46.00
38.00 35.00
23.00 10.00
26.00 48.00
26.00 23.00
17.00 25.00
17.00 35.00
27.00 38.00
13.00 23.00
41.00 23.00
15.00 23.00
16.00 17.00
16.00 49.00
49.00 29.00
35.00 44.00
30.00 20.00
17.00 15.00
29.00 22.00
15.00 39.00
33.00 24.00
40.00 40.00
42.00 20.00
48.00 21.00
42.00 14.00
18.00 25.00
40.00 41.00
49.00 19.00
10.00 45.00
36.00 44.00
20.00 50.00
33.00 46.00
48.00 36.00
39.00 14.00
24.00 14.00
38.00 50.00
34.00 38.00
44.00 10.00
13.00 20.00
10.00 19.00
42.00 44.00
30.00 32.00
38.00 14.00
19.00 22.00
49.00 25.00
27.00 39.00
48.00 12.00
31.00 36.00
46.00 27.00
20.00 17.00
24.00 11.00
14.00 42.00
41.00 20.00
15.00 21.00
47.00 49.00
43.00 23.00
18.00 46.00
22.00 47.00
35.00 41.00
10.00 30.00
28.00 32.00
14.00 48.00
21.00 15.00
30.00 27.00
40.00 37.00
50.00 17.00
23.00 44.00
29.00 10.00
39.00 30.00
29.00 12.00
50.00 35.00
45.00 21.00
14.00 23.00
32.00 10.00
20.00 40.00
29.00 35.00
20.00 27.00
47.00 19.00
24.00 22.00
29.00 27.00
17.00 32.00
33.00 21.00
48.00 46.00
50.00 27.00
23.00 10.00
23.00 22.00
39.00 15.00
39.00 40.00
41.00 27.00
38.00 40.00
14.00 41.00
41.00 28.00
25.00 18.00
31.00 39.00
50.00 20.00
31.00 38.00
17.00 27.00
18.00 15.00
32.00 16.00
43.00 40.00
40.00 32.00
