# nJobs | nMachines
200 2
# m1 | m2
14 45
25 22
22 45
45 27
24 21
36 37
10 39
15 29
32 23
29 23
10 45
21 26
32 19
12 35
26 20
22 18
26 42
18 17
23 11
32 12
20 31
21 12
49 20
13 47
32 24
19 44
38 24
26 40
17 41
35 14
29 23
49 31
48 44
12 37
19 28
20 32
47 42
29 26
24 31
30 40
17 49
38 35
29 49
48 23
33 45
12 17
16 20
49 17
24 24
19 19
49 25
24 47
27 43
11 26
22 29
48 27
25 40
31 46
44 27
50 19
34 12
13 47
35 45
10 19
43 11
41 47
32 50
34 24
31 43
34 28
49 45
22 33
30 33
17 34
24 26
44 40
39 20
19 49
50 47
16 45
12 12
31 28
11 26
47 19
25 28
34 32
31 26
41 48
34 43
46 21
32 27
14 20
48 40
43 38
29 11
39 25
22 47
14 20
31 34
32 50
40 38
18 25
18 38
40 28
14 19
36 15
11 49
38 26
40 21
46 15
23 41
20 22
22 34
48 23
14 30
12 24
47 50
25 21
19 18
50 15
14 48
20 12
28 24
41 45
16 49
22 48
42 35
35 21
25 27
17 27
49 46
19 14
38 16
47 19
47 27
29 21
16 32
22 33
28 45
40 33
42 25
40 25
17 48
10 14
24 18
43 45
20 31
16 18
26 28
22 46
31 34
31 19
23 49
16 46
40 38
27 33
39 26
35 30
42 50
43 40
33 12
33 37
16 50
19 43
46 30
46 32
27 50
38 31
20 34
46 43
11 46
41 11
33 27
14 46
10 48
40 23
48 34
50 31
49 45
14 18
34 25
40 16
10 40
44 46
14 19
29 44
13 29
13 24
32 18
20 44
19 47
43 15
46 42
24 40
46 32
39 42
28 31
41 24
35 45
13 17
